tensor([0.5269, 0.7299, 0.4344, 0.9621, 0.2766, 0.7341, 0.9954, 0.2659, 0.2238,
        0.1520, 0.0695, 0.2630, 0.1985, 0.2162, 0.3231, 0.9068, 0.5174, 0.5859,
        0.7610, 0.1499, 0.2124, 0.1617, 0.4060, 0.3232, 0.3127, 0.4441, 0.8911,
        0.4315, 0.6332, 0.8104, 0.7818, 0.1106, 0.1232, 0.9885, 0.0655, 0.6409,
        0.6323, 0.8991, 0.9548, 0.2402, 0.4235, 0.8128, 0.9042, 0.5978, 0.6433,
        0.1622, 0.0847, 0.5150, 0.1097, 0.7391, 0.4146, 0.1145, 0.0381, 0.3622,
        0.8429, 0.5824, 0.8831, 0.9594, 0.8313, 0.9718, 0.1513, 0.3631, 0.9916,
        0.9046, 0.5849, 0.3820, 0.9362, 0.2549, 0.6896, 0.4823, 0.9674, 0.2904,
        0.2140, 0.8406, 0.7265, 0.9220, 0.1947, 0.3069, 0.5730, 0.6424, 0.6527,
        0.1297, 0.7587, 0.2753, 0.1172, 0.7148, 0.2206, 0.4267, 0.8850, 0.3181,
        0.8597, 0.5841, 0.4115, 0.9093, 0.7505, 0.4140, 0.8643, 0.6134, 0.6032,
        0.1683, 0.2246, 0.1358, 0.0515, 0.1039, 0.8154, 0.2128, 0.5947, 0.3097,
        0.9972, 0.1165, 0.8626, 0.6969, 0.6446, 0.6231, 0.0708, 0.3789, 0.7746,
        0.9243, 0.1162, 0.2169, 0.0804, 0.7105, 0.2927, 0.3785, 0.8210, 0.0948,
        0.3095, 0.1341])
tensor([0.0796, 0.2283, 0.2316, 0.1311, 0.1190, 0.1052, 0.6218, 0.1949, 0.1105,
        0.9365, 0.8869, 0.6596, 0.0453, 0.0937, 0.5330, 0.1026, 0.0466, 0.7585,
        0.1506, 0.3536, 0.4149, 0.3889, 0.9487, 0.3251, 0.8056, 0.5734, 0.9130,
        0.9721, 0.7884, 0.4797, 0.9219, 0.4780, 0.3445, 0.1868, 0.0404, 0.3237,
        0.8440, 0.2961, 0.8165, 0.9558, 0.6107, 0.1742, 0.6259, 0.0272, 0.1319,
        0.3700, 0.0621, 0.1732, 0.9867, 0.9947, 0.9908, 0.9423, 0.0094, 0.1896,
        0.6317, 0.5057, 0.4616, 0.7629, 0.2997, 0.2280, 0.8703, 0.5565, 0.2738,
        0.8339, 0.9167, 0.2372, 0.1498, 0.1257, 0.7977, 0.7904, 0.9258, 0.9797,
        0.2900, 0.4154, 0.6601, 0.2473, 0.9213, 0.9251, 0.6841, 0.5041, 0.2491,
        0.5108, 0.8809, 0.3202, 0.0545, 0.3019, 0.1611, 0.3966, 0.0552, 0.9644,
        0.4974, 0.3919, 0.6597, 0.4512, 0.6504, 0.7704, 0.0143, 0.7538, 0.9302,
        0.9595, 0.0217, 0.9473, 0.1242, 0.2420, 0.4321, 0.0657, 0.9489, 0.4743,
        0.5258, 0.4731, 0.9621, 0.3654, 0.1251, 0.4209, 0.0057, 0.1354, 0.7132,
        0.9164, 0.1993, 0.1741, 0.2897, 0.3929, 0.0476, 0.6847, 0.5880, 0.8049,
        0.9327, 0.5643])
tensor([4.3112e-01, 8.7847e-01, 8.7909e-01, 5.6488e-01, 5.3237e-02, 3.4444e-01,
        4.7475e-04, 3.5265e-01, 9.1422e-01, 8.2233e-01, 6.8996e-01, 5.3519e-01,
        4.2638e-01, 7.4607e-01, 9.9118e-01, 3.2309e-01, 4.4721e-01, 9.8241e-02,
        5.0362e-01, 8.0982e-01, 8.9585e-01, 5.4880e-01, 4.1142e-01, 4.8057e-01,
        5.6805e-01, 2.4271e-01, 1.6424e-03, 9.0137e-01, 4.6925e-01, 9.7663e-02,
        9.4808e-01, 5.8035e-01, 5.5871e-01, 3.1211e-01, 3.7324e-01, 9.9566e-01,
        7.1257e-01, 9.7559e-02, 6.1358e-02, 8.1682e-01, 8.5148e-01, 3.9714e-01,
        1.7740e-01, 1.1955e-01, 8.7754e-01, 7.2905e-01, 7.5249e-01, 7.5161e-01,
        2.0486e-01, 6.1409e-01, 5.6748e-01, 9.9024e-01, 4.9294e-01, 7.8919e-01,
        9.2504e-01, 6.2037e-01, 5.9138e-01, 2.8667e-02, 3.8687e-01, 4.5305e-01,
        4.0597e-01, 1.5520e-01, 6.5496e-01, 4.5736e-01, 1.7098e-01, 2.3989e-01,
        9.0800e-01, 1.0997e-01, 9.8819e-01, 2.0348e-02, 5.9025e-01, 8.3255e-01,
        9.6435e-01, 4.6779e-01, 8.0791e-01, 7.6012e-01, 3.8363e-01, 8.4354e-01,
        4.2145e-01, 2.5539e-01, 1.7802e-01, 7.7876e-01, 6.6122e-01, 7.9056e-01,
        3.1878e-01, 5.2674e-01, 4.3914e-01, 6.4074e-01, 9.9766e-01, 6.1495e-02,
        7.1258e-01, 9.4236e-01, 7.7663e-02, 1.4894e-01, 1.6092e-01, 7.3456e-01,
        9.0364e-01, 8.5039e-01, 8.4953e-01, 4.2321e-01, 5.8036e-01, 6.6564e-01,
        9.0793e-01, 2.9162e-01, 7.3791e-01, 7.3965e-01, 3.3334e-01, 3.9743e-01,
        9.2001e-01, 8.2383e-01, 7.9061e-01, 9.8953e-01, 9.6637e-01, 9.1168e-01,
        8.6895e-01, 5.6344e-01, 2.9523e-01, 5.1292e-02, 2.8083e-01, 2.8633e-02,
        4.7394e-01, 2.2373e-02, 4.8258e-01, 1.7137e-01, 5.9947e-01, 4.2113e-01,
        6.0537e-01, 6.1405e-01])
tensor([0.4576, 0.3032, 0.9442, 0.6148, 0.7705, 0.6148, 0.8236, 0.2798, 0.0905,
        0.6460, 0.4148, 0.9447, 0.2461, 0.7783, 0.9759, 0.3139, 0.3898, 0.0954,
        0.5881, 0.9065, 0.5149, 0.5577, 0.9008, 0.6911, 0.0652, 0.6881, 0.2949,
        0.3377, 0.3170, 0.7897, 0.5163, 0.9265, 0.1725, 0.8171, 0.9669, 0.2163,
        0.8233, 0.9637, 0.7256, 0.8789, 0.0255, 0.3569, 0.8388, 0.2598, 0.0250,
        0.2102, 0.5393, 0.7062, 0.6008, 0.7482, 0.9208, 0.6719, 0.7415, 0.1253,
        0.3220, 0.1302, 0.2087, 0.8580, 0.9354, 0.1400, 0.0623, 0.0352, 0.5622,
        0.7438, 0.5298, 0.6631, 0.8684, 0.7817, 0.4469, 0.9257, 0.0112, 0.5401,
        0.8993, 0.5306, 0.8773, 0.0508, 0.1354, 0.4476, 0.2001, 0.1475, 0.2123,
        0.2590, 0.5369, 0.2691, 0.0983, 0.0313, 0.9953, 0.8572, 0.6801, 0.8827,
        0.0019, 0.6402, 0.0025, 0.8221, 0.0402, 0.5439, 0.7728, 0.3262, 0.3441,
        0.0754, 0.4780, 0.0258, 0.2713, 0.1890, 0.7707, 0.9020, 0.4109, 0.0704,
        0.2876, 0.0624, 0.8868, 0.6200, 0.2643, 0.7597, 0.6288, 0.9060, 0.7463,
        0.8054, 0.5920, 0.9068, 0.7532, 0.1765, 0.5632, 0.8329, 0.6772, 0.4942,
        0.1487, 0.8994])
tensor([2.5664e-01, 6.6964e-01, 9.4394e-01, 8.0581e-01, 1.7309e-01, 6.6161e-02,
        4.8507e-01, 3.7867e-01, 8.5925e-01, 1.6429e-01, 1.7986e-01, 2.9610e-01,
        6.4318e-01, 8.4750e-01, 3.0051e-02, 3.2408e-01, 3.3843e-01, 2.0295e-01,
        3.8240e-01, 9.7660e-02, 8.1904e-01, 7.4279e-01, 7.3858e-01, 3.7726e-01,
        1.2691e-01, 9.9269e-01, 6.0816e-01, 5.8938e-01, 8.9421e-01, 4.9140e-01,
        9.6906e-02, 2.3633e-01, 9.6593e-01, 1.0978e-01, 7.8938e-01, 8.2071e-01,
        3.2303e-01, 1.4558e-01, 3.0176e-01, 6.4027e-01, 8.0503e-01, 9.4456e-01,
        6.1127e-01, 3.9248e-01, 3.7560e-01, 5.9501e-01, 5.9894e-01, 2.6592e-02,
        8.5326e-01, 1.9487e-01, 9.5883e-01, 1.5509e-01, 7.4511e-02, 4.4894e-01,
        5.4107e-01, 8.0475e-02, 9.8186e-01, 3.6026e-01, 6.8980e-01, 2.5787e-02,
        4.2363e-01, 8.1955e-01, 3.5616e-01, 4.2922e-01, 1.9008e-01, 2.9845e-01,
        7.6471e-01, 5.4025e-01, 6.8073e-01, 1.9877e-02, 4.6304e-01, 1.3662e-01,
        3.7073e-01, 7.7171e-01, 7.9554e-01, 2.1187e-01, 4.4990e-01, 3.7707e-01,
        3.5455e-01, 6.3180e-01, 4.3158e-01, 3.0771e-01, 2.5272e-01, 3.9745e-01,
        6.7798e-01, 9.9539e-01, 5.6341e-01, 8.9662e-01, 8.8702e-01, 3.7606e-01,
        7.6792e-01, 6.4606e-01, 3.8456e-01, 3.5991e-01, 8.6132e-01, 9.7234e-01,
        4.7606e-01, 8.1583e-01, 6.7060e-01, 1.6828e-01, 5.2575e-01, 2.2318e-01,
        1.0725e-01, 9.1316e-01, 5.1532e-01, 6.8252e-01, 1.6967e-01, 6.2400e-01,
        3.0487e-01, 8.7937e-01, 7.6407e-02, 3.9689e-02, 6.4424e-01, 1.1213e-01,
        2.7428e-02, 7.1960e-01, 8.8274e-05, 6.2750e-01, 4.3334e-01, 7.5951e-01,
        7.4932e-01, 9.9215e-01, 7.5608e-01, 1.6774e-01, 2.8503e-01, 1.5074e-01,
        8.1211e-01, 3.9927e-01])
tensor([0.9756, 0.4438, 0.0954, 0.7453, 0.9881, 0.8303, 0.1474, 0.1736, 0.2314,
        0.6137, 0.3454, 0.1536, 0.0327, 0.5454, 0.0333, 0.8144, 0.7981, 0.6817,
        0.9551, 0.8137, 0.0479, 0.7267, 0.8685, 0.4924, 0.3037, 0.0087, 0.6888,
        0.5553, 0.1648, 0.3028, 0.4452, 0.3774, 0.7633, 0.7547, 0.3692, 0.6709,
        0.9485, 0.5174, 0.9008, 0.6577, 0.5493, 0.7895, 0.3802, 0.8329, 0.2581,
        0.6603, 0.8761, 0.5511, 0.3334, 0.4229, 0.0753, 0.1313, 0.0033, 0.3078,
        0.7048, 0.4401, 0.6330, 0.1185, 0.7888, 0.6262, 0.4148, 0.3315, 0.6137,
        0.5049, 0.4007, 0.7004, 0.4356, 0.3157, 0.3414, 0.1686, 0.9595, 0.8012,
        0.1146, 0.5293, 0.3981, 0.5145, 0.4701, 0.5630, 0.3571, 0.1271, 0.4402,
        0.1707, 0.0679, 0.7964, 0.7138, 0.5497, 0.4976, 0.3809, 0.5654, 0.0774,
        0.4600, 0.2799, 0.1475, 0.8763, 0.2905, 0.3326, 0.1204, 0.0670, 0.5571,
        0.0973, 0.9871, 0.6922, 0.2417, 0.0402, 0.5113, 0.6642, 0.3501, 0.3765,
        0.0607, 0.2768, 0.1299, 0.5404, 0.8807, 0.9000, 0.4644, 0.7748, 0.6834,
        0.3608, 0.9396, 0.2978, 0.5903, 0.0968, 0.9727, 0.0943, 0.5625, 0.0058,
        0.1998, 0.5545])
tensor([0.9548, 0.7713, 0.7622, 0.7129, 0.2315, 0.3852, 0.9229, 0.3240, 0.7143,
        0.2140, 0.0879, 0.2867, 0.2014, 0.5017, 0.0547, 0.4187, 0.6651, 0.4874,
        0.7804, 0.9735, 0.3840, 0.2237, 0.2453, 0.1713, 0.4589, 0.9150, 0.1003,
        0.4945, 0.6681, 0.3051, 0.4786, 0.2357, 0.4296, 0.0476, 0.1667, 0.8431,
        0.3132, 0.9505, 0.3429, 0.5314, 0.9943, 0.9349, 0.7650, 0.6408, 0.4546,
        0.1604, 0.5309, 0.0260, 0.6144, 0.5040, 0.1934, 0.8649, 0.9783, 0.3127,
        0.7265, 0.9608, 0.1454, 0.5640, 0.3842, 0.4098, 0.1719, 0.0579, 0.2842,
        0.9002, 0.9721, 0.5960, 0.6101, 0.0627, 0.5208, 0.7250, 0.5033, 0.9840,
        0.7993, 0.9392, 0.3172, 0.9075, 0.9828, 0.3253, 0.1407, 0.6293, 0.9934,
        0.4941, 0.9127, 0.7873, 0.2771, 0.4776, 0.3429, 0.1103, 0.1818, 0.0924,
        0.2482, 0.7968, 0.9492, 0.3590, 0.1810, 0.5856, 0.8018, 0.9107, 0.4452,
        0.1607, 0.1759, 0.4683, 0.1632, 0.0665, 0.9586, 0.7425, 0.1775, 0.2785,
        0.6622, 0.5740, 0.0972, 0.0804, 0.5784, 0.6661, 0.3050, 0.8630, 0.4984,
        0.2658, 0.9525, 0.7541, 0.5979, 0.3847, 0.6594, 0.8086, 0.2706, 0.1328,
        0.0748, 0.7276])
tensor([0.5117, 0.1331, 0.1096, 0.1181, 0.2424, 0.9644, 0.8833, 0.1099, 0.5577,
        0.6752, 0.3953, 0.8141, 0.3191, 0.7410, 0.5099, 0.3927, 0.9235, 0.4146,
        0.8653, 0.1007, 0.7880, 0.1023, 0.9801, 0.0970, 0.8713, 0.8990, 0.9186,
        0.7493, 0.9136, 0.4605, 0.8347, 0.3193, 0.3959, 0.5038, 0.6070, 0.1841,
        0.7457, 0.9568, 0.4710, 0.4588, 0.5294, 0.6086, 0.2434, 0.4054, 0.9429,
        0.1609, 0.5479, 0.9666, 0.4695, 0.5894, 0.4756, 0.4970, 0.1061, 0.9699,
        0.7185, 0.3979, 0.5320, 0.2587, 0.8764, 0.6425, 0.8272, 0.7854, 0.6800,
        0.9109, 0.2853, 0.2381, 0.4244, 0.1086, 0.3329, 0.7904, 0.3372, 0.1093,
        0.9987, 0.6639, 0.5297, 0.0211, 0.3981, 0.0458, 0.1520, 0.7846, 0.1059,
        0.0284, 0.4488, 0.8582, 0.9519, 0.2373, 0.6964, 0.2332, 0.8238, 0.4504,
        0.7305, 0.1431, 0.9102, 0.5279, 0.3892, 0.6348, 0.3372, 0.8128, 0.6978,
        0.2241, 0.2098, 0.5559, 0.8006, 0.8075, 0.7149, 0.8052, 0.2098, 0.4000,
        0.7089, 0.5575, 0.9785, 0.6038, 0.4536, 0.5909, 0.5806, 0.8251, 0.8002,
        0.6007, 0.9555, 0.5094, 0.1326, 0.3827, 0.1711, 0.0307, 0.6032, 0.6257,
        0.3943, 0.2684])
tensor([4.9721e-01, 9.4036e-01, 4.0253e-01, 4.0035e-01, 2.2753e-01, 8.7437e-01,
        9.8340e-01, 7.1746e-01, 4.5185e-01, 5.2202e-04, 5.9234e-02, 1.7571e-01,
        1.0076e-01, 7.4166e-02, 9.5508e-01, 9.1269e-01, 7.3747e-01, 5.4783e-01,
        6.2213e-01, 3.0425e-01, 3.7856e-01, 4.5782e-01, 2.4129e-01, 2.5761e-01,
        5.6888e-01, 5.9746e-01, 7.0698e-01, 8.3035e-01, 3.4474e-01, 2.2357e-01,
        9.4572e-01, 2.2210e-01, 1.2484e-01, 4.3967e-01, 5.5118e-02, 8.4146e-01,
        7.6831e-01, 6.8791e-01, 9.3704e-01, 7.6412e-01, 1.7259e-01, 1.9932e-01,
        5.4569e-01, 5.7173e-01, 7.4735e-01, 3.8632e-01, 5.5941e-01, 3.1437e-01,
        6.4355e-01, 5.3374e-01, 9.7871e-01, 3.0420e-01, 7.3172e-01, 7.7949e-01,
        6.8237e-01, 1.4789e-01, 2.4814e-01, 9.0414e-01, 9.3036e-01, 6.2793e-01,
        7.9554e-03, 7.8834e-01, 7.3882e-01, 2.7997e-01, 4.8855e-01, 6.2023e-01,
        4.7347e-01, 5.9911e-01, 7.2195e-01, 5.4595e-01, 1.8852e-01, 3.2139e-01,
        1.5393e-01, 3.4028e-01, 3.6255e-01, 9.6300e-01, 2.5833e-02, 4.6876e-01,
        6.1826e-01, 4.3005e-01, 6.3333e-01, 8.4475e-01, 2.0933e-01, 4.0473e-01,
        8.2669e-01, 6.0434e-01, 9.6095e-01, 5.3416e-01, 3.1487e-01, 3.7237e-01,
        9.5071e-01, 3.0462e-01, 7.6569e-01, 4.1138e-01, 2.4726e-01, 1.4056e-01,
        3.0935e-01, 8.7682e-01, 1.1918e-01, 2.3498e-01, 9.1373e-01, 6.5841e-01,
        2.0043e-01, 5.6242e-01, 3.0179e-01, 8.3236e-01, 7.6974e-01, 4.5061e-01,
        1.4013e-01, 3.2537e-01, 3.8284e-01, 4.7827e-01, 7.7286e-02, 7.6185e-01,
        5.0083e-01, 3.7051e-01, 4.6537e-01, 3.6449e-01, 8.1439e-01, 7.8222e-01,
        7.7340e-01, 3.4889e-01, 8.8721e-01, 7.0522e-01, 6.0924e-01, 1.4262e-01,
        5.4298e-01, 1.3243e-01])
tensor([0.5498, 0.6957, 0.7295, 0.3308, 0.9835, 0.3450, 0.3843, 0.3550, 0.9800,
        0.9095, 0.0667, 0.4940, 0.5449, 0.6540, 0.5814, 0.6357, 0.2236, 0.9848,
        0.3985, 0.9610, 0.2569, 0.8758, 0.1050, 0.6716, 0.6918, 0.0781, 0.2565,
        0.6253, 0.4618, 0.3807, 0.1544, 0.6886, 0.0831, 0.8022, 0.4199, 0.3065,
        0.6278, 0.1782, 0.7830, 0.6310, 0.0529, 0.4353, 0.6868, 0.6787, 0.9508,
        0.4167, 0.7237, 0.6968, 0.7521, 0.8926, 0.5861, 0.5594, 0.6659, 0.7755,
        0.5333, 0.7126, 0.3837, 0.2108, 0.5560, 0.0867, 0.4501, 0.9511, 0.2455,
        0.2544, 0.4046, 0.4282, 0.9472, 0.8977, 0.1740, 0.3495, 0.7171, 0.0096,
        0.9330, 0.8277, 0.0859, 0.7877, 0.3335, 0.7742, 0.0961, 0.5249, 0.3416,
        0.5716, 0.6590, 0.9656, 0.5467, 0.6187, 0.2151, 0.2230, 0.6761, 0.3383,
        0.5737, 0.7241, 0.2912, 0.7906, 0.8678, 0.0507, 0.5408, 0.4133, 0.2407,
        0.3717, 0.6680, 0.5343, 0.6202, 0.7127, 0.5585, 0.5589, 0.5071, 0.4151,
        0.5255, 0.9257, 0.5658, 0.1863, 0.2551, 0.7777, 0.6019, 0.4078, 0.3465,
        0.1042, 0.5202, 0.0085, 0.9705, 0.0483, 0.7357, 0.1042, 0.7733, 0.5160,
        0.9172, 0.5864])
tensor([0.5932, 0.9697, 0.8342, 0.5823, 0.4951, 0.1397, 0.5508, 0.1406, 0.1583,
        0.7982, 0.6469, 0.6323, 0.9584, 0.8069, 0.7119, 0.8641, 0.3865, 0.2073,
        0.6853, 0.6676, 0.5787, 0.2321, 0.3172, 0.6891, 0.7621, 0.8656, 0.4065,
        0.7275, 0.1497, 0.5649, 0.0772, 0.9250, 0.4036, 0.7591, 0.2816, 0.2407,
        0.3346, 0.7798, 0.2193, 0.1315, 0.5853, 0.8318, 0.3724, 0.4349, 0.1540,
        0.3309, 0.0085, 0.9490, 0.2813, 0.5148, 0.4512, 0.2195, 0.8549, 0.2924,
        0.4142, 0.4104, 0.3088, 0.2018, 0.3957, 0.8596, 0.7860, 0.4983, 0.0145,
        0.8630, 0.8251, 0.1071, 0.4696, 0.1381, 0.3093, 0.8316, 0.0971, 0.1494,
        0.3299, 0.8709, 0.0725, 0.7912, 0.2557, 0.3341, 0.7014, 0.1551, 0.4844,
        0.7986, 0.8329, 0.0647, 0.6197, 0.7255, 0.8008, 0.7726, 0.4621, 0.3292,
        0.9896, 0.5832, 0.6552, 0.0751, 0.1502, 0.1330, 0.6815, 0.4485, 0.0312,
        0.5975, 0.8270, 0.3452, 0.7160, 0.3830, 0.4361, 0.3920, 0.0289, 0.4789,
        0.4025, 0.7845, 0.7942, 0.1508, 0.5347, 0.8617, 0.4527, 0.8209, 0.8583,
        0.9336, 0.1561, 0.5208, 0.0528, 0.3348, 0.8031, 0.4186, 0.0474, 0.1705,
        0.8291, 0.2815])
tensor([9.8818e-01, 2.8287e-01, 5.6477e-01, 7.8237e-01, 2.4420e-01, 4.8570e-02,
        5.5774e-01, 1.0034e-01, 1.2453e-01, 1.5415e-01, 9.1778e-01, 1.6359e-01,
        8.1792e-01, 5.7473e-01, 9.0041e-01, 6.4837e-01, 7.3918e-01, 7.1223e-01,
        6.2305e-01, 5.3225e-03, 5.0433e-02, 7.8208e-01, 3.8850e-01, 8.3067e-01,
        6.4955e-01, 5.9589e-01, 5.0537e-01, 6.9905e-01, 9.9136e-01, 8.5667e-02,
        5.5428e-01, 6.5318e-01, 4.3958e-02, 3.8280e-01, 8.6617e-01, 9.5429e-01,
        4.0220e-01, 5.5601e-01, 2.1174e-01, 4.1035e-01, 5.1043e-01, 4.5969e-01,
        9.8672e-01, 7.1575e-01, 1.4764e-01, 8.2205e-01, 4.9466e-01, 2.0632e-01,
        7.0869e-01, 2.7484e-01, 2.6202e-01, 9.1581e-01, 5.9092e-01, 1.8717e-01,
        2.6464e-01, 3.2073e-02, 1.3785e-01, 8.9122e-01, 8.4699e-01, 7.8941e-01,
        7.5587e-02, 5.1358e-01, 1.3366e-01, 4.6420e-02, 4.4286e-01, 7.1773e-01,
        1.8381e-01, 2.6025e-01, 9.6881e-04, 8.7959e-01, 5.2902e-01, 5.2149e-01,
        3.4933e-01, 9.8720e-01, 9.8961e-01, 4.5405e-01, 4.9106e-01, 1.9691e-01,
        4.8096e-01, 9.7668e-01, 6.2183e-01, 4.6521e-01, 9.3166e-01, 8.2436e-02,
        7.7114e-01, 2.5618e-01, 1.1916e-01, 4.9984e-02, 2.7778e-01, 1.1638e-01,
        5.0581e-02, 2.5847e-01, 9.9021e-01, 9.3686e-01, 2.0650e-01, 5.3165e-01,
        2.0360e-01, 1.6758e-01, 8.5808e-01, 1.6420e-01, 9.6291e-01, 4.4369e-01,
        3.4519e-01, 9.5098e-01, 3.3865e-01, 1.4715e-01, 6.6009e-01, 1.1067e-01,
        4.0411e-01, 2.4257e-01, 7.7148e-02, 9.5519e-01, 2.0898e-01, 2.9087e-01,
        8.3411e-01, 7.9293e-01, 5.6387e-01, 3.9873e-01, 8.2673e-01, 5.6677e-01,
        7.7357e-01, 2.0786e-01, 2.7308e-01, 9.3137e-01, 8.4277e-01, 2.3096e-01,
        8.9690e-01, 7.2503e-02])
tensor([0.5874, 0.2052, 0.2137, 0.0091, 0.7734, 0.7500, 0.5242, 0.6852, 0.1933,
        0.1511, 0.5554, 0.5961, 0.9847, 0.7689, 0.2023, 0.1024, 0.1744, 0.0947,
        0.3161, 0.0888, 0.1859, 0.0586, 0.1969, 0.4674, 0.6706, 0.8192, 0.5089,
        0.3885, 0.7481, 0.7712, 0.3663, 0.4226, 0.0881, 0.6952, 0.8665, 0.3167,
        0.7189, 0.9804, 0.1721, 0.6638, 0.6589, 0.0994, 0.8024, 0.2504, 0.0630,
        0.1629, 0.6475, 0.4470, 0.7726, 0.0709, 0.6715, 0.6164, 0.5324, 0.0614,
        0.1301, 0.0941, 0.7442, 0.4498, 0.1363, 0.8868, 0.6512, 0.2216, 0.9028,
        0.5028, 0.2038, 0.6508, 0.9482, 0.9400, 0.1040, 0.7810, 0.6388, 0.4888,
        0.2359, 0.6024, 0.5943, 0.9315, 0.1223, 0.5801, 0.7119, 0.3962, 0.4806,
        0.1699, 0.5543, 0.9779, 0.3801, 0.2830, 0.2152, 0.9978, 0.8539, 0.0723,
        0.1174, 0.7483, 0.5388, 0.4780, 0.2721, 0.7203, 0.6985, 0.2053, 0.8246,
        0.9854, 0.4747, 0.2045, 0.4519, 0.7860, 0.9499, 0.6433, 0.0793, 0.0058,
        0.9319, 0.5141, 0.8435, 0.0483, 0.7216, 0.4565, 0.8335, 0.6708, 0.8187,
        0.0979, 0.6499, 0.9009, 0.5969, 0.7885, 0.2336, 0.2292, 0.1374, 0.2200,
        0.1072, 0.1102])
tensor([0.0773, 0.8461, 0.6538, 0.7663, 0.6099, 0.7986, 0.3628, 0.5250, 0.8800,
        0.4474, 0.1718, 0.7823, 0.6703, 0.6713, 0.9437, 0.7261, 0.5176, 0.5366,
        0.2248, 0.8066, 0.8682, 0.1164, 0.3650, 0.9011, 0.3417, 0.3634, 0.4476,
        0.2491, 0.6647, 0.6556, 0.4860, 0.8680, 0.3773, 0.0739, 0.2926, 0.3672,
        0.1868, 0.2395, 0.6935, 0.9123, 0.7022, 0.4439, 0.0585, 0.3786, 0.2886,
        0.0905, 0.9667, 0.2269, 0.8022, 0.9953, 0.4205, 0.2516, 0.5165, 0.7970,
        0.3433, 0.9783, 0.9270, 0.4871, 0.8626, 0.4023, 0.1704, 0.0640, 0.8370,
        0.9754, 0.1818, 0.8868, 0.2641, 0.7358, 0.5579, 0.9117, 0.3579, 0.9718,
        0.2011, 0.8998, 0.0607, 0.3298, 0.3588, 0.5764, 0.9209, 0.4912, 0.1196,
        0.7314, 0.7821, 0.3097, 0.0620, 0.0626, 0.5085, 0.0067, 0.8625, 0.9722,
        0.5076, 0.8417, 0.2221, 0.6644, 0.7149, 0.6284, 0.5508, 0.7899, 0.1511,
        0.4914, 0.7255, 0.1104, 0.8662, 0.9126, 0.7829, 0.8245, 0.7843, 0.4787,
        0.8903, 0.1393, 0.6778, 0.8453, 0.1115, 0.6849, 0.4322, 0.9187, 0.3645,
        0.7133, 0.5638, 0.4255, 0.7010, 0.7680, 0.2047, 0.7447, 0.8359, 0.2534,
        0.4460, 0.2175])
tensor([0.1920, 0.6083, 0.4705, 0.0911, 0.1119, 0.2678, 0.5842, 0.0945, 0.2006,
        0.0710, 0.2810, 0.9628, 0.8445, 0.7324, 0.2278, 0.4322, 0.1542, 0.7491,
        0.0988, 0.8364, 0.6335, 0.7767, 0.4203, 0.2277, 0.0291, 0.1299, 0.6976,
        0.0954, 0.9752, 0.3183, 0.0668, 0.8577, 0.7495, 0.5424, 0.0800, 0.9588,
        0.1948, 0.1035, 0.4299, 0.2833, 0.4468, 0.7104, 0.8308, 0.8152, 0.8924,
        0.1718, 0.4308, 0.5854, 0.1669, 0.2567, 0.8002, 0.0156, 0.5727, 0.9434,
        0.6430, 0.5266, 0.7297, 0.7444, 0.2966, 0.7688, 0.2720, 0.3961, 0.5402,
        0.7494, 0.4086, 0.3570, 0.2779, 0.0226, 0.5710, 0.9682, 0.1480, 0.8837,
        0.9575, 0.1560, 0.4189, 0.7445, 0.3424, 0.2350, 0.6059, 0.2481, 0.5478,
        0.7921, 0.3845, 0.6066, 0.8874, 0.2941, 0.4958, 0.0917, 0.1320, 0.3704,
        0.0941, 0.1753, 0.7398, 0.8555, 0.9919, 0.8618, 0.0168, 0.3856, 0.4164,
        0.5611, 0.1666, 0.1240, 0.8559, 0.5204, 0.2548, 0.5227, 0.4492, 0.4277,
        0.9173, 0.8814, 0.2577, 0.6087, 0.4820, 0.6284, 0.5303, 0.0904, 0.6801,
        0.9499, 0.4851, 0.0133, 0.3838, 0.5300, 0.6680, 0.5129, 0.3330, 0.6086,
        0.0099, 0.2365])
tensor([0.9000, 0.8772, 0.9598, 0.4560, 0.0855, 0.2966, 0.1865, 0.0816, 0.5997,
        0.7255, 0.5145, 0.2162, 0.4501, 0.9374, 0.5251, 0.9456, 0.6957, 0.1322,
        0.5980, 0.4286, 0.3198, 0.9147, 0.7515, 0.7072, 0.1152, 0.9998, 0.0436,
        0.8258, 0.9070, 0.2701, 0.3060, 0.0231, 0.5540, 0.3884, 0.0177, 0.6070,
        0.7358, 0.8372, 0.3350, 0.8006, 0.3350, 0.4175, 0.4072, 0.7418, 0.3491,
        0.9985, 0.0466, 0.2732, 0.3379, 0.0743, 0.0434, 0.0972, 0.8709, 0.8280,
        0.4046, 0.4670, 0.8082, 0.9691, 0.6965, 0.6848, 0.5762, 0.3438, 0.5032,
        0.0047, 0.3899, 0.4702, 0.7324, 0.3870, 0.6692, 0.6478, 0.4824, 0.0802,
        0.6350, 0.8867, 0.0174, 0.9843, 0.1288, 0.9599, 0.0914, 0.4732, 0.6111,
        0.4666, 0.1423, 0.8213, 0.1525, 0.9005, 0.7785, 0.0408, 0.0763, 0.6056,
        0.3932, 0.0573, 0.4306, 0.5712, 0.0507, 0.0248, 0.1502, 0.6553, 0.0213,
        0.6934, 0.9734, 0.4988, 0.7724, 0.0302, 0.2547, 0.5286, 0.9763, 0.2583,
        0.4864, 0.5479, 0.3053, 0.4392, 0.2685, 0.9331, 0.2984, 0.6440, 0.5405,
        0.4944, 0.7234, 0.8197, 0.4064, 0.1206, 0.6313, 0.0017, 0.2304, 0.4919,
        0.6439, 0.1378])
tensor([0.0255, 0.5146, 0.8093, 0.8639, 0.4292, 0.3591, 0.5946, 0.3275, 0.8168,
        0.5127, 0.1378, 0.9376, 0.3612, 0.9851, 0.1277, 0.5048, 0.5425, 0.6299,
        0.0057, 0.9319, 0.2849, 0.4672, 0.5933, 0.9184, 0.0567, 0.4052, 0.2578,
        0.4492, 0.2691, 0.6097, 0.8248, 0.4293, 0.8486, 0.5224, 0.8122, 0.7918,
        0.9179, 0.0825, 0.3265, 0.5242, 0.2063, 0.6794, 0.5579, 0.2336, 0.4809,
        0.1709, 0.9682, 0.4252, 0.9749, 0.8142, 0.6774, 0.9021, 0.3438, 0.4271,
        0.0660, 0.2416, 0.4334, 0.8417, 0.6984, 0.5024, 0.6688, 0.4822, 0.5225,
        0.1925, 0.0906, 0.8179, 0.3952, 0.5522, 0.1218, 0.5400, 0.4221, 0.7233,
        0.4569, 0.0057, 0.0035, 0.5640, 0.4121, 0.0511, 0.4499, 0.8753, 0.6751,
        0.2905, 0.7871, 0.9137, 0.0017, 0.3367, 0.6059, 0.1531, 0.0029, 0.4150,
        0.3695, 0.2509, 0.7221, 0.9120, 0.2121, 0.4886, 0.5988, 0.1800, 0.2322,
        0.7822, 0.2064, 0.6870, 0.8774, 0.6819, 0.1331, 0.6268, 0.5811, 0.8744,
        0.1613, 0.7756, 0.3862, 0.2712, 0.5157, 0.3088, 0.9492, 0.8011, 0.7635,
        0.7666, 0.9377, 0.6439, 0.2387, 0.7229, 0.6232, 0.4102, 0.3958, 0.9914,
        0.3752, 0.4403])
tensor([0.8021, 0.0780, 0.6609, 0.4492, 0.7245, 0.2335, 0.6293, 0.4844, 0.3250,
        0.1044, 0.4803, 0.7945, 0.2153, 0.5270, 0.2193, 0.3904, 0.1953, 0.7104,
        0.7186, 0.0174, 0.9646, 0.8263, 0.5634, 0.8308, 0.8965, 0.4721, 0.0471,
        0.9335, 0.6811, 0.2435, 0.8753, 0.2389, 0.9949, 0.7370, 0.5194, 0.8281,
        0.4572, 0.1153, 0.1916, 0.4631, 0.2960, 0.0054, 0.8583, 0.2113, 0.3307,
        0.7797, 0.2302, 0.1796, 0.5331, 0.2644, 0.7324, 0.6631, 0.0258, 0.2105,
        0.7509, 0.6055, 0.0463, 0.0550, 0.3843, 0.3963, 0.3826, 0.5692, 0.3037,
        0.0268, 0.7810, 0.4714, 0.2507, 0.2531, 0.4914, 0.4123, 0.2981, 0.4231,
        0.8585, 0.9403, 0.0065, 0.9872, 0.0327, 0.0632, 0.2594, 0.1290, 0.8106,
        0.9313, 0.5727, 0.8904, 0.0225, 0.9376, 0.7047, 0.8368, 0.2236, 0.4700,
        0.0855, 0.0122, 0.2408, 0.8448, 0.1873, 0.1354, 0.4408, 0.5448, 0.4947,
        0.2980, 0.7942, 0.9771, 0.8618, 0.9502, 0.1770, 0.9766, 0.2762, 0.2391,
        0.4283, 0.8832, 0.1005, 0.1037, 0.7011, 0.6787, 0.8804, 0.2038, 0.0777,
        0.2593, 0.3520, 0.5121, 0.0247, 0.4882, 0.4187, 0.3342, 0.1498, 0.9750,
        0.9628, 0.5504])
tensor([0.9131, 0.6618, 0.5323, 0.6164, 0.2767, 0.5609, 0.3034, 0.6606, 0.6515,
        0.7183, 0.3288, 0.0386, 0.8780, 0.6185, 0.8647, 0.8188, 0.3543, 0.6492,
        0.5225, 0.4228, 0.9800, 0.9617, 0.8036, 0.6562, 0.6747, 0.6818, 0.2136,
        0.0070, 0.2965, 0.7276, 0.3196, 0.5337, 0.0196, 0.2225, 0.5025, 0.4798,
        0.2229, 0.4594, 0.4528, 0.9147, 0.3123, 0.5933, 0.9347, 0.2472, 0.9124,
        0.6940, 0.3668, 0.1007, 0.2941, 0.6445, 0.2495, 0.4706, 0.8581, 0.0304,
        0.8760, 0.8967, 0.7823, 0.9805, 0.9757, 0.2093, 0.2317, 0.3323, 0.1269,
        0.9308, 0.3318, 0.3327, 0.6930, 0.1014, 0.9525, 0.9365, 0.9575, 0.0731,
        0.8236, 0.6336, 0.4065, 0.8225, 0.0683, 0.7050, 0.9286, 0.8891, 0.2384,
        0.3723, 0.6096, 0.0969, 0.3447, 0.1770, 0.9283, 0.3640, 0.7552, 0.9303,
        0.3703, 0.4531, 0.5882, 0.1619, 0.6958, 0.4524, 0.7654, 0.1740, 0.1036,
        0.2119, 0.3965, 0.7750, 0.7471, 0.6125, 0.2588, 0.8831, 0.7731, 0.4454,
        0.3489, 0.4139, 0.4276, 0.2378, 0.7584, 0.9561, 0.7361, 0.4644, 0.3555,
        0.4143, 0.3714, 0.7869, 0.7791, 0.4848, 0.9436, 0.0264, 0.5105, 0.4923,
        0.4350, 0.8488])
tensor([0.1065, 0.1302, 0.6681, 0.3570, 0.9703, 0.5959, 0.4249, 0.7310, 0.1520,
        0.5844, 0.5265, 0.2931, 0.2204, 0.1859, 0.9598, 0.2856, 0.7743, 0.2629,
        0.4233, 0.0089, 0.3205, 0.5753, 0.3108, 0.9350, 0.9442, 0.2808, 0.1429,
        0.2853, 0.2765, 0.1988, 0.0223, 0.5273, 0.9611, 0.7373, 0.6266, 0.9809,
        0.0384, 0.2219, 0.7075, 0.5621, 0.5725, 0.2538, 0.7191, 0.2810, 0.0089,
        0.3376, 0.4361, 0.1119, 0.5411, 0.3791, 0.3164, 0.4061, 0.6184, 0.8092,
        0.8659, 0.7384, 0.2201, 0.2265, 0.4564, 0.0163, 0.4803, 0.5031, 0.6227,
        0.7785, 0.1747, 0.1584, 0.0965, 0.5605, 0.1762, 0.9854, 0.9512, 0.9758,
        0.2304, 0.0054, 0.8939, 0.5044, 0.6955, 0.4029, 0.4893, 0.0189, 0.4951,
        0.1941, 0.0119, 0.2990, 0.2792, 0.0748, 0.4476, 0.0068, 0.1672, 0.0496,
        0.4594, 0.2418, 0.7354, 0.8716, 0.5864, 0.3167, 0.3672, 0.1624, 0.0635,
        0.8840, 0.8582, 0.1239, 0.3848, 0.0704, 0.1121, 0.2044, 0.9662, 0.3086,
        0.1203, 0.6534, 0.8166, 0.8693, 0.1544, 0.9541, 0.3137, 0.3197, 0.3555,
        0.4267, 0.6577, 0.5413, 0.1261, 0.6014, 0.5905, 0.6351, 0.6144, 0.6846,
        0.7400, 0.6429])
tensor([0.1341, 0.8238, 0.7750, 0.3053, 0.7657, 0.7141, 0.1720, 0.9203, 0.0783,
        0.0520, 0.1619, 0.1522, 0.7798, 0.1829, 0.3444, 0.4397, 0.5313, 0.5636,
        0.3684, 0.0695, 0.8048, 0.3242, 0.6213, 0.7893, 0.7584, 0.8282, 0.8579,
        0.3100, 0.3207, 0.6572, 0.1217, 0.7762, 0.9207, 0.7083, 0.2257, 0.7680,
        0.7471, 0.3546, 0.1899, 0.3110, 0.8214, 0.4086, 0.2945, 0.6163, 0.6996,
        0.6473, 0.6063, 0.8976, 0.9818, 0.5122, 0.1656, 0.8664, 0.0319, 0.9244,
        0.8585, 0.9324, 0.4389, 0.9339, 0.4895, 0.5206, 0.7881, 0.8714, 0.4963,
        0.7291, 0.6924, 0.1810, 0.9417, 0.0437, 0.7379, 0.5797, 0.0727, 0.5012,
        0.9931, 0.7029, 0.3933, 0.6612, 0.3650, 0.9895, 0.0718, 0.8344, 0.6075,
        0.8440, 0.4315, 0.7675, 0.5255, 0.5144, 0.6931, 0.4911, 0.7000, 0.8458,
        0.0886, 0.5963, 0.8842, 0.2474, 0.6099, 0.4911, 0.1023, 0.1949, 0.5964,
        0.6932, 0.0493, 0.7172, 0.2686, 0.1479, 0.2422, 0.9837, 0.9525, 0.6348,
        0.2879, 0.1244, 0.6519, 0.7952, 0.2752, 0.5793, 0.0236, 0.4368, 0.5718,
        0.3009, 0.4455, 0.5917, 0.2541, 0.8707, 0.5090, 0.7196, 0.9630, 0.7713,
        0.3134, 0.3447])
tensor([0.7287, 0.8389, 0.8240, 0.5296, 0.2154, 0.1779, 0.6050, 0.1863, 0.2667,
        0.7857, 0.9744, 0.8756, 0.2696, 0.4955, 0.2387, 0.7845, 0.0170, 0.0860,
        0.3607, 0.3280, 0.3378, 0.0590, 0.3975, 0.3600, 0.2574, 0.4404, 0.5567,
        0.5296, 0.5955, 0.1785, 0.7309, 0.6181, 0.7848, 0.8121, 0.7726, 0.2431,
        0.4721, 0.6140, 0.6973, 0.5311, 0.4961, 0.5737, 0.6824, 0.2873, 0.6154,
        0.6282, 0.9183, 0.5364, 0.2607, 0.5795, 0.6610, 0.1591, 0.4230, 0.4507,
        0.3089, 0.0595, 0.2471, 0.0210, 0.3860, 0.9601, 0.7632, 0.5553, 0.9918,
        0.9912, 0.8513, 0.8593, 0.9432, 0.6808, 0.0079, 0.2958, 0.5305, 0.5296,
        0.0786, 0.6829, 0.4522, 0.7279, 0.9315, 0.2206, 0.3547, 0.7289, 0.9887,
        0.4778, 0.9268, 0.1282, 0.8540, 0.7942, 0.0657, 0.9299, 0.2121, 0.8156,
        0.4774, 0.8931, 0.9456, 0.2886, 0.8797, 0.6423, 0.3795, 0.6560, 0.9401,
        0.6218, 0.8979, 0.8433, 0.4755, 0.3588, 0.5784, 0.1564, 0.6838, 0.9618,
        0.3380, 0.0316, 0.3803, 0.9226, 0.3026, 0.3785, 0.7838, 0.7776, 0.9260,
        0.6941, 0.1144, 0.4354, 0.6322, 0.0735, 0.9178, 0.8917, 0.2141, 0.1169,
        0.3830, 0.3602])
tensor([0.2853, 0.6068, 0.4969, 0.4407, 0.1982, 0.6700, 0.4284, 0.0645, 0.0352,
        0.5274, 0.9166, 0.5094, 0.8343, 0.6315, 0.2135, 0.8932, 0.9187, 0.3461,
        0.8760, 0.8402, 0.3693, 0.9890, 0.5232, 0.7342, 0.9742, 0.5025, 0.0325,
        0.3451, 0.6163, 0.3032, 0.6026, 0.5294, 0.4816, 0.4496, 0.9166, 0.1555,
        0.5342, 0.2213, 0.0694, 0.4817, 0.6221, 0.3474, 0.2020, 0.9609, 0.8675,
        0.1391, 0.5721, 0.8062, 0.5183, 0.1890, 0.9441, 0.1857, 0.2152, 0.2099,
        0.6603, 0.3873, 0.7270, 0.3081, 0.9482, 0.7050, 0.4756, 0.8223, 0.5481,
        0.9204, 0.0613, 0.5119, 0.8965, 0.4896, 0.0045, 0.2680, 0.1478, 0.1374,
        0.0305, 0.9170, 0.4065, 0.2843, 0.4031, 0.7361, 0.0931, 0.4238, 0.7561,
        0.3276, 0.2483, 0.6675, 0.2910, 0.5766, 0.9741, 0.9068, 0.7757, 0.6005,
        0.1697, 0.1268, 0.2630, 0.6905, 0.5546, 0.6362, 0.5358, 0.3173, 0.2743,
        0.6786, 0.4694, 0.9595, 0.2788, 0.9463, 0.1442, 0.0312, 0.3945, 0.1689,
        0.2394, 0.9180, 0.4566, 0.2005, 0.2765, 0.4365, 0.0477, 0.1622, 0.1562,
        0.8010, 0.0398, 0.3846, 0.2871, 0.2303, 0.7347, 0.6306, 0.1156, 0.2545,
        0.5453, 0.6554])
tensor([0.2170, 0.7839, 0.6851, 0.7416, 0.5181, 0.7602, 0.9220, 0.5911, 0.1231,
        0.3271, 0.7468, 0.7801, 0.1654, 0.0643, 0.9829, 0.9110, 0.3579, 0.9840,
        0.1589, 0.6669, 0.7445, 0.4721, 0.2303, 0.3917, 0.9729, 0.5997, 0.7896,
        0.1333, 0.2263, 0.1701, 0.0714, 0.2441, 0.2468, 0.9317, 0.9519, 0.9713,
        0.5199, 0.4097, 0.5940, 0.1443, 0.5186, 0.3662, 0.1322, 0.7556, 0.2728,
        0.9091, 0.1557, 0.3866, 0.1515, 0.0474, 0.0186, 0.2721, 0.6031, 0.2654,
        0.5543, 0.2493, 0.3909, 0.8152, 0.8859, 0.0366, 0.3811, 0.6999, 0.2540,
        0.7490, 0.4026, 0.2529, 0.2904, 0.4844, 0.6214, 0.5571, 0.4033, 0.7111,
        0.8517, 0.9527, 0.0491, 0.6820, 0.8830, 0.8666, 0.8758, 0.0461, 0.5609,
        0.6458, 0.1790, 0.3521, 0.6184, 0.7203, 0.0886, 0.5200, 0.0487, 0.2232,
        0.8926, 0.8021, 0.0430, 0.5937, 0.0182, 0.5801, 0.8768, 0.1545, 0.0889,
        0.6269, 0.5870, 0.1490, 0.8167, 0.5186, 0.9031, 0.9010, 0.1102, 0.5813,
        0.4005, 0.9422, 0.1998, 0.6010, 0.0708, 0.1493, 0.6831, 0.0353, 0.2366,
        0.6956, 0.1224, 0.0157, 0.4942, 0.6284, 0.0669, 0.3485, 0.4611, 0.5706,
        0.7841, 0.1613])
tensor([0.9050, 0.7617, 0.7789, 0.1926, 0.7818, 0.4481, 0.5344, 0.6706, 0.5569,
        0.3215, 0.4075, 0.4521, 0.0316, 0.1051, 0.0201, 0.3932, 0.4410, 0.6776,
        0.9974, 0.4836, 0.3976, 0.9247, 0.1090, 0.5685, 0.2427, 0.7081, 0.0936,
        0.7624, 0.8880, 0.7910, 0.9414, 0.8913, 0.8342, 0.3310, 0.9289, 0.0141,
        0.3723, 0.1472, 0.3803, 0.3078, 0.9962, 0.2848, 0.3151, 0.9675, 0.3094,
        0.8382, 0.6929, 0.0281, 0.2604, 0.7024, 0.0981, 0.8674, 0.8880, 0.0265,
        0.7866, 0.7618, 0.9246, 0.9100, 0.7016, 0.3941, 0.1158, 0.6463, 0.1446,
        0.7113, 0.9570, 0.6177, 0.4318, 0.8008, 0.6944, 0.3140, 0.9905, 0.9313,
        0.9746, 0.4646, 0.9261, 0.8655, 0.1088, 0.2613, 0.0565, 0.5495, 0.1921,
        0.4558, 0.7399, 0.1056, 0.2675, 0.7611, 0.6503, 0.1625, 0.4858, 0.8797,
        0.8075, 0.7384, 0.2486, 0.8265, 0.5847, 0.0529, 0.5551, 0.8249, 0.1430,
        0.1386, 0.5338, 0.3551, 0.1224, 0.2896, 0.8464, 0.4764, 0.3381, 0.5970,
        0.1283, 0.4597, 0.6571, 0.0499, 0.4031, 0.4227, 0.6169, 0.8847, 0.9461,
        0.7182, 0.1876, 0.7421, 0.3447, 0.0523, 0.1045, 0.2006, 0.2719, 0.6966,
        0.3288, 0.6293])
tensor([0.5665, 0.9897, 0.1721, 0.6414, 0.4823, 0.2679, 0.0604, 0.7775, 0.4027,
        0.7737, 0.4695, 0.4912, 0.7196, 0.5671, 0.5209, 0.0167, 0.2691, 0.3300,
        0.3261, 0.4926, 0.5455, 0.8206, 0.7615, 0.9618, 0.8073, 0.5806, 0.1574,
        0.0750, 0.3396, 0.5069, 0.7202, 0.0544, 0.5784, 0.7255, 0.2940, 0.7722,
        0.5272, 0.5008, 0.7406, 0.9643, 0.1619, 0.1058, 0.8437, 0.5955, 0.6835,
        0.2792, 0.6524, 0.3302, 0.8692, 0.1926, 0.8280, 0.6283, 0.7658, 0.3598,
        0.1288, 0.8382, 0.2217, 0.8654, 0.6335, 0.4605, 0.4971, 0.0151, 0.8597,
        0.3156, 0.2156, 0.4035, 0.8065, 0.1802, 0.7398, 0.0460, 0.4772, 0.5969,
        0.8721, 0.7772, 0.2129, 0.3893, 0.6225, 0.0688, 0.6403, 0.8617, 0.6670,
        0.2062, 0.9901, 0.9786, 0.2104, 0.5178, 0.6403, 0.0304, 0.6125, 0.6663,
        0.8034, 0.9644, 0.0752, 0.4402, 0.9181, 0.5436, 0.2207, 0.8622, 0.7347,
        0.3604, 0.8325, 0.2047, 0.0169, 0.5456, 0.9718, 0.2755, 0.6082, 0.7287,
        0.3683, 0.9514, 0.2102, 0.9832, 0.9774, 0.6960, 0.4953, 0.3939, 0.3142,
        0.9643, 0.2769, 0.4820, 0.1539, 0.5942, 0.7965, 0.2241, 0.0764, 0.2860,
        0.4692, 0.2451])
tensor([0.3562, 0.5236, 0.6244, 0.8419, 0.0271, 0.0872, 0.3354, 0.7835, 0.5902,
        0.9038, 0.3626, 0.1054, 0.4167, 0.0722, 0.3124, 0.2837, 0.9041, 0.2579,
        0.7446, 0.9854, 0.9799, 0.1188, 0.0534, 0.8544, 0.5831, 0.3116, 0.7015,
        0.0898, 0.1209, 0.5423, 0.0539, 0.2746, 0.7670, 0.0470, 0.8838, 0.4770,
        0.6569, 0.4791, 0.5271, 0.5805, 0.3535, 0.8932, 0.5204, 0.9769, 0.2223,
        0.0385, 0.7362, 0.6670, 0.6079, 0.6372, 0.3316, 0.6656, 0.9321, 0.5615,
        0.9599, 0.6543, 0.0070, 0.5987, 0.0837, 0.3554, 0.3725, 0.2305, 0.9225,
        0.8542, 0.6963, 0.1681, 0.3703, 0.7259, 0.5680, 0.6863, 0.4719, 0.0163,
        0.9792, 0.5209, 0.3071, 0.6903, 0.1780, 0.4117, 0.4949, 0.0016, 0.1575,
        0.0610, 0.0774, 0.4964, 0.8218, 0.9707, 0.3109, 0.7573, 0.0323, 0.1061,
        0.0185, 0.6648, 0.3155, 0.8541, 0.1894, 0.0504, 0.9547, 0.8119, 0.7199,
        0.8087, 0.6284, 0.3927, 0.1931, 0.0763, 0.4714, 0.0108, 0.6149, 0.5707,
        0.4215, 0.3587, 0.8220, 0.1310, 0.4680, 0.0964, 0.1324, 0.1716, 0.4390,
        0.9607, 0.6576, 0.5737, 0.8724, 0.5044, 0.4419, 0.6143, 0.0810, 0.9064,
        0.1344, 0.5899])
tensor([0.2428, 0.1305, 0.2218, 0.7354, 0.6174, 0.3073, 0.0150, 0.5165, 0.0511,
        0.0564, 0.1433, 0.3484, 0.9352, 0.7159, 0.3287, 0.5653, 0.6731, 0.3048,
        0.6188, 0.5961, 0.5301, 0.8822, 0.3636, 0.5865, 0.2715, 0.3175, 0.9454,
        0.4228, 0.5694, 0.2474, 0.7482, 0.2342, 0.4882, 0.4903, 0.0134, 0.7727,
        0.6763, 0.8836, 0.0102, 0.6565, 0.0338, 0.6564, 0.4473, 0.0654, 0.7575,
        0.5383, 0.4634, 0.4107, 0.5833, 0.6095, 0.3227, 0.1532, 0.8361, 0.9352,
        0.4581, 0.2833, 0.7307, 0.5113, 0.1561, 0.7320, 0.0505, 0.3071, 0.3778,
        0.8567, 0.3986, 0.0520, 0.4530, 0.1713, 0.5984, 0.7289, 0.1651, 0.3971,
        0.9493, 0.0241, 0.9169, 0.3126, 0.0758, 0.4077, 0.1641, 0.0082, 0.4902,
        0.9398, 0.2974, 0.9017, 0.1720, 0.8327, 0.1426, 0.4608, 0.8152, 0.3343,
        0.8373, 0.4548, 0.8503, 0.6553, 0.9174, 0.8909, 0.4069, 0.0451, 0.6470,
        0.2605, 0.5663, 0.5632, 0.0316, 0.1667, 0.7410, 0.5117, 0.8569, 0.2477,
        0.3943, 0.7298, 0.0254, 0.6746, 0.6276, 0.6129, 0.8177, 0.8113, 0.1396,
        0.9466, 0.0053, 0.3775, 0.4277, 0.9973, 0.8409, 0.4643, 0.2013, 0.5205,
        0.2817, 0.9033])
tensor([0.7799, 0.8766, 0.7278, 0.5163, 0.2936, 0.9901, 0.4658, 0.7742, 0.4317,
        0.3778, 0.6381, 0.3811, 0.3736, 0.8817, 0.2847, 0.2140, 0.0359, 0.4721,
        0.8525, 0.1813, 0.4470, 0.3556, 0.4754, 0.2651, 0.1694, 0.1592, 0.7807,
        0.6778, 0.5193, 0.5122, 0.7550, 0.3049, 0.9381, 0.0425, 0.0313, 0.7301,
        0.8369, 0.4916, 0.9979, 0.5609, 0.3635, 0.0220, 0.2007, 0.8505, 0.9668,
        0.7277, 0.1434, 0.6739, 0.6373, 0.4682, 0.4634, 0.4205, 0.7584, 0.0689,
        0.5579, 0.2035, 0.0189, 0.0441, 0.4888, 0.5850, 0.1261, 0.2194, 0.5228,
        0.4920, 0.1272, 0.5401, 0.3902, 0.8741, 0.6935, 0.9405, 0.8552, 0.9579,
        0.4672, 0.0899, 0.3431, 0.6630, 0.6538, 0.2507, 0.4854, 0.0947, 0.2981,
        0.4978, 0.1284, 0.0729, 0.9062, 0.7484, 0.6940, 0.0793, 0.6324, 0.3426,
        0.1273, 0.2559, 0.9684, 0.5665, 0.3337, 0.6416, 0.9410, 0.5760, 0.1470,
        0.0899, 0.7169, 0.4393, 0.1304, 0.5252, 0.3687, 0.8387, 0.4722, 0.1048,
        0.1433, 0.6773, 0.2916, 0.4001, 0.5662, 0.1440, 0.9547, 0.7774, 0.9846,
        0.2585, 0.8681, 0.4128, 0.3996, 0.1163, 0.6000, 0.8058, 0.5520, 0.2374,
        0.3028, 0.7339])
tensor([0.8013, 0.7408, 0.5129, 0.6885, 0.2946, 0.8578, 0.9980, 0.3616, 0.3546,
        0.8552, 0.2467, 0.5994, 0.5414, 0.4364, 0.9427, 0.9600, 0.9989, 0.2979,
        0.9580, 0.8984, 0.9916, 0.0124, 0.5359, 0.7114, 0.0766, 0.4873, 0.7020,
        0.4492, 0.6725, 0.7722, 0.1416, 0.6357, 0.7079, 0.5688, 0.3762, 0.3036,
        0.2322, 0.9174, 0.3912, 0.4746, 0.1874, 0.0128, 0.2901, 0.8716, 0.7135,
        0.8167, 0.1435, 0.5970, 0.5801, 0.9782, 0.4977, 0.9164, 0.9215, 0.2433,
        0.4223, 0.4593, 0.2199, 0.4727, 0.8176, 0.4410, 0.1619, 0.4780, 0.1162,
        0.6117, 0.8943, 0.5747, 0.5242, 0.4855, 0.6305, 0.5296, 0.2519, 0.1606,
        0.0845, 0.8685, 0.4587, 0.4037, 0.5481, 0.9773, 0.5048, 0.8251, 0.0442,
        0.4672, 0.6562, 0.9894, 0.2274, 0.0721, 0.4636, 0.7386, 0.8213, 0.3215,
        0.5869, 0.4333, 0.3557, 0.8173, 0.0086, 0.8881, 0.5681, 0.2201, 0.7656,
        0.9321, 0.1609, 0.4860, 0.6520, 0.0429, 0.1154, 0.7567, 0.4460, 0.2839,
        0.1382, 0.1855, 0.8600, 0.8665, 0.3630, 0.1200, 0.7559, 0.0612, 0.6559,
        0.6312, 0.9409, 0.6400, 0.4318, 0.9440, 0.1634, 0.4006, 0.9323, 0.3779,
        0.1590, 0.2106])
tensor([0.3154, 0.3441, 0.1679, 0.5579, 0.9123, 0.4398, 0.9709, 0.2099, 0.5379,
        0.8312, 0.7998, 0.2258, 0.7024, 0.3897, 0.7841, 0.3747, 0.5469, 0.4881,
        0.6573, 0.6108, 0.2347, 0.0658, 0.0999, 0.4319, 0.7890, 0.0915, 0.5663,
        0.1296, 0.8704, 0.5583, 0.8689, 0.7052, 0.9710, 0.3152, 0.1557, 0.0445,
        0.9026, 0.8162, 0.8819, 0.9881, 0.5789, 0.2675, 0.3691, 0.6056, 0.3691,
        0.5127, 0.9641, 0.5815, 0.4278, 0.8717, 0.7777, 0.7914, 0.8658, 0.5094,
        0.1948, 0.2441, 0.4044, 0.7615, 0.6033, 0.8763, 0.5584, 0.5867, 0.2774,
        0.9148, 0.3259, 0.0479, 0.6422, 0.9718, 0.1976, 0.4927, 0.5288, 0.9517,
        0.4459, 0.2076, 0.1495, 0.6527, 0.3057, 0.9788, 0.7500, 0.6866, 0.9165,
        0.9659, 0.4435, 0.9190, 0.5571, 0.3385, 0.7646, 0.9930, 0.6147, 0.7073,
        0.3714, 0.6401, 0.7173, 0.6225, 0.3664, 0.6868, 0.6660, 0.9278, 0.1485,
        0.9220, 0.9400, 0.9805, 0.2174, 0.8170, 0.7395, 0.8610, 0.2398, 0.1901,
        0.0631, 0.7268, 0.7821, 0.2759, 0.0060, 0.7462, 0.5032, 0.5335, 0.9050,
        0.3058, 0.1350, 0.1359, 0.3561, 0.5641, 0.1133, 0.0397, 0.0061, 0.3102,
        0.6701, 0.1248])
tensor([0.4557, 0.7425, 0.5468, 0.3347, 0.3251, 0.2317, 0.7440, 0.5923, 0.7127,
        0.6998, 0.0573, 0.9758, 0.2658, 0.4811, 0.1747, 0.4267, 0.4457, 0.2542,
        0.6858, 0.2962, 0.0146, 0.0571, 0.6892, 0.1008, 0.4198, 0.4079, 0.3210,
        0.6782, 0.9091, 0.1874, 0.6558, 0.8055, 0.6557, 0.9376, 0.6716, 0.3803,
        0.5061, 0.7792, 0.4150, 0.7652, 0.9866, 0.7627, 0.6994, 0.9597, 0.6676,
        0.1862, 0.9448, 0.3855, 0.6005, 0.8819, 0.0122, 0.5919, 0.1563, 0.8241,
        0.4467, 0.4434, 0.2846, 0.5120, 0.2667, 0.0131, 0.8910, 0.6693, 0.8138,
        0.8898, 0.5603, 0.1633, 0.2577, 0.7933, 0.1068, 0.5062, 0.8298, 0.1992,
        0.9165, 0.8430, 0.9313, 0.4916, 0.4653, 0.2118, 0.9155, 0.7622, 0.8266,
        0.5441, 0.5445, 0.5310, 0.4319, 0.2324, 0.1210, 0.0964, 0.0753, 0.7340,
        0.1005, 0.4722, 0.5896, 0.0500, 0.5303, 0.6094, 0.0446, 0.0818, 0.1973,
        0.7294, 0.0692, 0.1189, 0.8843, 0.9036, 0.4158, 0.8176, 0.1559, 0.3210,
        0.9714, 0.4488, 0.2065, 0.7633, 0.0239, 0.0560, 0.1862, 0.8816, 0.9048,
        0.3912, 0.5817, 0.3995, 0.5854, 0.0862, 0.5813, 0.6759, 0.6417, 0.9071,
        0.0046, 0.7410])
tensor([2.3809e-01, 2.3175e-01, 6.9611e-01, 6.5559e-01, 2.9249e-01, 2.4922e-01,
        7.1210e-01, 1.9059e-01, 3.8383e-01, 9.6767e-01, 7.1862e-01, 7.6824e-01,
        7.6016e-02, 8.9759e-01, 7.0462e-01, 7.6407e-01, 4.2824e-01, 7.0384e-01,
        1.8559e-01, 9.9762e-01, 4.7855e-02, 4.1413e-01, 8.3330e-01, 4.1788e-01,
        1.6033e-01, 7.9231e-01, 8.6756e-01, 1.8410e-01, 6.4615e-01, 4.2913e-01,
        3.4881e-01, 9.9578e-01, 3.4423e-01, 9.8105e-01, 4.2007e-01, 1.1512e-02,
        5.2395e-01, 8.9447e-01, 5.8000e-01, 7.5967e-01, 3.9653e-01, 2.0356e-01,
        6.0146e-01, 6.6084e-01, 1.4869e-01, 9.6868e-01, 2.9881e-01, 4.1263e-02,
        4.0334e-04, 9.7073e-01, 1.0924e-01, 1.2348e-01, 3.1290e-01, 8.7112e-01,
        7.7431e-01, 9.8578e-01, 4.0609e-01, 8.1412e-02, 9.9850e-01, 9.8436e-01,
        2.6571e-01, 7.3694e-03, 5.1641e-01, 8.2019e-01, 9.3715e-01, 9.0130e-01,
        9.4123e-01, 5.3882e-01, 5.2575e-01, 9.0389e-01, 8.7829e-01, 5.8834e-01,
        8.3934e-01, 6.0298e-01, 9.7029e-01, 2.9964e-01, 2.5640e-01, 1.5186e-01,
        4.8530e-01, 5.3326e-01, 6.2781e-01, 9.6875e-01, 5.4939e-01, 3.1088e-01,
        5.8442e-01, 9.4289e-01, 6.4920e-02, 3.0424e-01, 8.2029e-01, 6.0996e-01,
        3.5076e-01, 6.8574e-01, 9.9598e-01, 7.7531e-01, 3.6388e-01, 2.6573e-01,
        6.9280e-01, 9.0239e-01, 2.9874e-01, 5.3264e-01, 4.6739e-01, 6.7071e-01,
        8.4750e-01, 8.4536e-01, 7.5196e-01, 8.5556e-01, 1.2846e-01, 8.3151e-01,
        7.4475e-01, 8.3899e-01, 7.8125e-01, 8.0898e-01, 1.6251e-01, 8.0346e-01,
        2.9886e-01, 2.3240e-01, 3.4651e-02, 3.4117e-01, 8.4969e-01, 7.7861e-02,
        9.5583e-01, 5.9025e-01, 4.4323e-02, 2.0674e-01, 8.9424e-01, 7.4251e-02,
        6.2209e-01, 3.4968e-01])
tensor([0.3846, 0.0408, 0.5687, 0.9391, 0.0990, 0.8089, 0.8580, 0.8373, 0.4306,
        0.3989, 0.5890, 0.5861, 0.6993, 0.0435, 0.5204, 0.3614, 0.9541, 0.7477,
        0.7406, 0.4600, 0.1670, 0.5051, 0.9478, 0.4300, 0.5084, 0.9892, 0.2217,
        0.5056, 0.1751, 0.8317, 0.8840, 0.6133, 0.2094, 0.5804, 0.9526, 0.8216,
        0.5211, 0.4669, 0.1195, 0.0903, 0.5669, 0.1138, 0.1020, 0.8804, 0.7556,
        0.6255, 0.9743, 0.7785, 0.8934, 0.8131, 0.8394, 0.6639, 0.4115, 0.2085,
        0.9369, 0.7438, 0.4051, 0.9136, 0.5472, 0.8630, 0.9591, 0.3372, 0.4012,
        0.4567, 0.3662, 0.1613, 0.4289, 0.1026, 0.5500, 0.8605, 0.8639, 0.1246,
        0.3479, 0.8891, 0.6981, 0.3400, 0.5296, 0.1711, 0.8193, 0.8830, 0.5598,
        0.2840, 0.8046, 0.1702, 0.6518, 0.3442, 0.2570, 0.5076, 0.9053, 0.8264,
        0.8159, 0.6069, 0.3951, 0.5586, 0.4051, 0.8087, 0.9745, 0.1709, 0.6084,
        0.2038, 0.2333, 0.2927, 1.0000, 0.2611, 0.7647, 0.0399, 0.5682, 0.9940,
        0.7008, 0.2639, 0.2123, 0.9097, 0.3121, 0.0347, 0.6383, 0.4907, 0.3647,
        0.2138, 0.4006, 0.6608, 0.6474, 0.8301, 0.2440, 0.6354, 0.9436, 0.4496,
        0.0606, 0.3711])
tensor([0.5108, 0.1467, 0.7796, 0.4396, 0.2349, 0.3586, 0.8624, 0.5660, 0.0399,
        0.8450, 0.4368, 0.2872, 0.1999, 0.8647, 0.9895, 0.2971, 0.7663, 0.3704,
        0.7579, 0.5562, 0.0228, 0.0173, 0.8903, 0.3289, 0.5425, 0.9284, 0.8417,
        0.0714, 0.7423, 0.8424, 0.8720, 0.5515, 0.8860, 0.0948, 0.6458, 0.9712,
        0.5920, 0.9253, 0.9743, 0.6408, 0.4360, 0.1169, 0.0813, 0.3890, 0.1633,
        0.3835, 0.0370, 0.7385, 0.3337, 0.0751, 0.7204, 0.2951, 0.2402, 0.4196,
        0.4930, 0.2364, 0.6463, 0.8833, 0.8656, 0.6665, 0.1346, 0.5537, 0.3406,
        0.3606, 0.5090, 0.8610, 0.7189, 0.5662, 0.0700, 0.3423, 0.9544, 0.3717,
        0.7128, 0.8262, 0.8811, 0.1112, 0.1867, 0.2784, 0.1354, 0.1782, 0.3482,
        0.7863, 0.9080, 0.4433, 0.4283, 0.9596, 0.2749, 0.6146, 0.8073, 0.1769,
        0.3086, 0.7934, 0.9164, 0.5736, 0.3015, 0.6002, 0.8772, 0.1506, 0.0137,
        0.0494, 0.0665, 0.8104, 0.3018, 0.0714, 0.4214, 0.7264, 0.0240, 0.4765,
        0.0731, 0.8671, 0.8529, 0.5072, 0.6729, 0.8244, 0.9658, 0.4321, 0.4564,
        0.6998, 0.1135, 0.6151, 0.0549, 0.8690, 0.7094, 0.8659, 0.0797, 0.4827,
        0.4448, 0.7705])
tensor([0.3509, 0.0343, 0.8364, 0.6678, 0.5028, 0.7111, 0.4418, 0.9852, 0.6828,
        0.3714, 0.4726, 0.4723, 0.2396, 0.5247, 0.0204, 0.1250, 0.4949, 0.4241,
        0.4420, 0.7840, 0.8328, 0.5277, 0.6043, 0.5407, 0.8916, 0.9643, 0.3591,
        0.8448, 0.1980, 0.8163, 0.1702, 0.5699, 0.8099, 0.6479, 0.9351, 0.2353,
        0.3707, 0.4499, 0.8035, 0.0821, 0.7397, 0.8863, 0.5455, 0.4733, 0.2789,
        0.2165, 0.1006, 0.5887, 0.1083, 0.6976, 0.1955, 0.0585, 0.5810, 0.1363,
        0.5980, 0.4613, 0.9882, 0.4506, 0.4016, 0.4575, 0.9479, 0.8555, 0.5510,
        0.7003, 0.7514, 0.5632, 0.4997, 0.5108, 0.6398, 0.3171, 0.6993, 0.4771,
        0.3265, 0.1967, 0.7633, 0.9185, 0.0684, 0.7908, 0.8519, 0.0852, 0.5166,
        0.5468, 0.7950, 0.9977, 0.9627, 0.7420, 0.1553, 0.4309, 0.3301, 0.1824,
        0.2299, 0.6494, 0.8552, 0.3979, 0.3631, 0.6989, 0.8694, 0.2566, 0.5419,
        0.8122, 0.6456, 0.4415, 0.2500, 0.9252, 0.6957, 0.4559, 0.4870, 0.8530,
        0.1314, 0.2707, 0.6189, 0.8980, 0.1274, 0.8990, 0.4144, 0.2375, 0.2515,
        0.6260, 0.9692, 0.7274, 0.7063, 0.1881, 0.4522, 0.4772, 0.9663, 0.8890,
        0.0365, 0.0326])
tensor([0.5886, 0.8061, 0.6750, 0.5282, 0.9968, 0.6718, 0.3796, 0.7242, 0.5198,
        0.9368, 0.8333, 0.4725, 0.3460, 0.8340, 0.8407, 0.8734, 0.6088, 0.7877,
        0.8492, 0.8619, 0.3857, 0.2356, 0.1781, 0.9807, 0.9591, 0.4603, 0.9012,
        0.0844, 0.8498, 0.5156, 0.5137, 0.6871, 0.8057, 0.6082, 0.0731, 0.4224,
        0.2135, 0.3369, 0.4291, 0.9875, 0.9974, 0.7471, 0.0323, 0.2492, 0.2958,
        0.3053, 0.3871, 0.9679, 0.0999, 0.9089, 0.9998, 0.6682, 0.8592, 0.3693,
        0.1197, 0.2561, 0.2256, 0.7590, 0.0902, 0.0294, 0.8506, 0.5246, 0.2044,
        0.5899, 0.2679, 0.8805, 0.9249, 0.6701, 0.7625, 0.7369, 0.4383, 0.2893,
        0.6024, 0.4827, 0.6992, 0.7005, 0.9559, 0.6043, 0.1064, 0.4091, 0.9397,
        0.8770, 0.4556, 0.8835, 0.4334, 0.8236, 0.1144, 0.5944, 0.4024, 0.0239,
        0.7799, 0.5226, 0.4290, 0.1635, 0.5069, 0.7282, 0.6481, 0.5023, 0.7997,
        0.5484, 0.0309, 0.3767, 0.4759, 0.8561, 0.3054, 0.3748, 0.4664, 0.4349,
        0.4462, 0.6113, 0.2851, 0.1166, 0.9358, 0.6313, 0.0522, 0.3782, 0.0176,
        0.6617, 0.3132, 0.6263, 0.5401, 0.4680, 0.8477, 0.8664, 0.0477, 0.2661,
        0.7044, 0.0498])
tensor([7.8274e-01, 3.7376e-02, 2.4661e-02, 5.5866e-01, 5.0933e-01, 9.6981e-01,
        8.4171e-01, 2.1380e-01, 5.8149e-01, 2.8863e-01, 7.4066e-01, 6.6426e-01,
        4.6796e-01, 9.8423e-01, 5.9190e-01, 6.2057e-02, 8.0991e-03, 2.4900e-01,
        8.9160e-01, 4.2029e-01, 8.8427e-01, 5.7012e-01, 1.8627e-01, 5.4594e-01,
        9.1160e-01, 4.3547e-02, 1.0266e-01, 9.9622e-01, 2.3492e-01, 1.7967e-01,
        8.2905e-01, 2.3462e-01, 3.9232e-02, 3.2501e-01, 6.7264e-01, 9.7382e-01,
        2.2554e-01, 4.2850e-01, 5.9965e-01, 5.3871e-01, 3.8756e-01, 6.4128e-01,
        8.4158e-01, 7.6915e-01, 2.7939e-01, 7.1240e-01, 3.5566e-04, 7.9029e-01,
        1.7128e-01, 3.7778e-01, 1.6611e-01, 8.6101e-01, 6.9233e-01, 8.4287e-01,
        2.8732e-01, 4.3044e-01, 1.3472e-01, 5.4404e-01, 8.0645e-01, 9.7549e-01,
        6.7815e-01, 3.6680e-01, 2.0456e-01, 1.0292e-01, 2.6879e-01, 1.2482e-01,
        9.6222e-01, 5.2360e-01, 2.2925e-02, 4.1106e-01, 6.2245e-01, 2.1939e-01,
        7.8612e-01, 5.6550e-02, 6.1808e-01, 7.8316e-01, 1.3128e-01, 3.0598e-01,
        8.4733e-02, 2.9746e-02, 9.9663e-01, 9.2901e-01, 6.0175e-01, 9.6746e-01,
        7.1849e-01, 7.8925e-01, 1.1746e-01, 7.3299e-01, 7.0632e-01, 3.6499e-01,
        8.0021e-01, 3.3697e-01, 5.1529e-01, 4.3237e-01, 6.7922e-01, 1.0736e-01,
        1.3255e-01, 6.5061e-01, 3.8407e-01, 2.1625e-01, 7.7535e-01, 1.0401e-01,
        2.2946e-01, 4.4204e-01, 3.6243e-01, 9.9711e-01, 6.8998e-02, 5.6949e-01,
        3.3289e-02, 2.4124e-01, 1.0387e-02, 7.2915e-01, 7.3415e-01, 6.9819e-01,
        9.9044e-01, 9.9988e-01, 2.2624e-01, 9.9435e-02, 3.5757e-01, 4.3921e-02,
        6.1634e-01, 4.2821e-01, 4.4258e-01, 8.4091e-01, 4.0401e-01, 1.4036e-01,
        4.0449e-01, 4.4118e-01])
tensor([0.0165, 0.4902, 0.1926, 0.4506, 0.1876, 0.7031, 0.9802, 0.4682, 0.1947,
        0.6203, 0.3378, 0.8091, 0.8431, 0.3547, 0.8553, 0.9282, 0.4870, 0.1049,
        0.5286, 0.0928, 0.2529, 0.9552, 0.7579, 0.6727, 0.6878, 0.9901, 0.3436,
        0.1344, 0.6031, 0.8461, 0.0757, 0.3537, 0.4807, 0.7510, 0.2043, 0.7737,
        0.3665, 0.7640, 0.8224, 0.3770, 0.5697, 0.9227, 0.8474, 0.4715, 0.4658,
        0.2435, 0.2416, 0.4392, 0.0810, 0.8429, 0.9220, 0.1830, 0.6016, 0.5791,
        0.4784, 0.1663, 0.9469, 0.5901, 0.1677, 0.1112, 0.4813, 0.4756, 0.7875,
        0.5300, 0.3513, 0.6337, 0.1731, 0.4499, 0.0054, 0.2759, 0.6706, 0.6177,
        0.0748, 0.3120, 0.9398, 0.6280, 0.7399, 0.6823, 0.2558, 0.5751, 0.5639,
        0.2693, 0.4823, 0.2221, 0.7840, 0.3814, 0.6649, 0.4940, 0.9966, 0.8813,
        0.3111, 0.3366, 0.6987, 0.1115, 0.9678, 0.8468, 0.2679, 0.0697, 0.5447,
        0.2960, 0.4829, 0.7870, 0.0026, 0.7126, 0.4856, 0.6593, 0.7824, 0.5135,
        0.6211, 0.1510, 0.9010, 0.4334, 0.7091, 0.4056, 0.4224, 0.5925, 0.9467,
        0.6329, 0.9295, 0.1660, 0.5011, 0.6816, 0.2154, 0.5872, 0.8033, 0.5244,
        0.1348, 0.1692])
tensor([0.6824, 0.2371, 0.2331, 0.1866, 0.0704, 0.0867, 0.7575, 0.1243, 0.1693,
        0.3562, 0.9451, 0.2456, 0.6144, 0.1106, 0.4845, 0.2884, 0.1243, 0.9713,
        0.3424, 0.7853, 0.8133, 0.6126, 0.8452, 0.3439, 0.1034, 0.1807, 0.7438,
        0.2251, 0.5562, 0.2597, 0.3388, 0.2074, 0.0601, 0.3647, 0.5974, 0.9123,
        0.6332, 0.2588, 0.5980, 0.6741, 0.4590, 0.0225, 0.4076, 0.4919, 0.7557,
        0.9025, 0.0779, 0.9367, 0.4269, 0.8709, 0.3983, 0.7274, 0.7924, 0.1451,
        0.5325, 0.0452, 0.3945, 0.4540, 0.3744, 0.2652, 0.1752, 0.2852, 0.9125,
        0.8307, 0.7243, 0.2704, 0.4162, 0.6696, 0.7768, 0.7322, 0.0727, 0.8049,
        0.8242, 0.4119, 0.2529, 0.0298, 0.5070, 0.3989, 0.8165, 0.3090, 0.8671,
        0.4122, 0.6126, 0.2857, 0.1343, 0.9334, 0.2250, 0.0149, 0.2120, 0.8675,
        0.0984, 0.7914, 0.8451, 0.5247, 0.1607, 0.8012, 0.5957, 0.0871, 0.0389,
        0.4874, 0.3389, 0.5952, 0.8451, 0.6620, 0.9593, 0.9111, 0.0329, 0.4073,
        0.0155, 0.9070, 0.7464, 0.5582, 0.2004, 0.9491, 0.4183, 0.4320, 0.5276,
        0.7431, 0.0577, 0.9412, 0.4028, 0.4078, 0.4244, 0.2027, 0.5603, 0.2192,
        0.0703, 0.4418])
tensor([3.9763e-01, 7.6288e-01, 7.9109e-01, 8.7336e-01, 9.7840e-01, 9.7952e-01,
        3.8494e-01, 3.3220e-01, 4.0778e-01, 9.1683e-01, 4.4825e-01, 1.9655e-03,
        7.5147e-01, 8.8936e-01, 9.6260e-01, 4.6097e-01, 1.1778e-01, 6.6372e-01,
        9.5618e-02, 4.8264e-01, 2.4150e-01, 2.7365e-01, 8.1499e-02, 4.5678e-01,
        1.9465e-01, 1.4957e-01, 2.3891e-01, 5.1518e-01, 7.5541e-01, 1.4677e-01,
        1.1831e-01, 7.2372e-01, 7.2023e-01, 3.4667e-01, 3.2067e-01, 1.7877e-01,
        2.8889e-03, 5.9422e-01, 8.4417e-01, 2.6682e-01, 2.5095e-01, 5.9607e-01,
        2.9621e-01, 9.6671e-01, 3.6570e-01, 7.5051e-01, 9.3727e-01, 6.4770e-01,
        9.5673e-01, 2.6913e-01, 6.5357e-01, 6.3717e-05, 7.9440e-01, 3.8488e-01,
        6.7618e-01, 4.0401e-02, 3.9820e-01, 4.1271e-02, 8.6038e-01, 2.3557e-01,
        8.3390e-01, 6.4914e-01, 9.7449e-01, 8.1545e-01, 2.7612e-01, 5.4883e-02,
        5.2454e-01, 7.7298e-01, 9.7199e-01, 9.8601e-01, 3.6674e-01, 6.3863e-01,
        4.7249e-01, 3.5884e-01, 5.4135e-01, 7.3923e-01, 8.9586e-01, 1.6967e-01,
        1.4937e-01, 5.8311e-02, 6.7044e-01, 9.1114e-01, 6.5237e-02, 5.1581e-01,
        4.6393e-01, 1.6304e-01, 6.2032e-01, 9.3021e-01, 9.9646e-01, 8.3553e-01,
        2.6920e-01, 8.6156e-01, 3.2912e-01, 4.3609e-01, 4.5869e-01, 5.3255e-01,
        8.4131e-01, 6.3989e-01, 7.0596e-01, 8.2521e-01, 9.9647e-02, 6.7803e-01,
        1.0795e-01, 8.2290e-01, 7.4988e-01, 1.6825e-01, 3.4372e-02, 6.6758e-01,
        7.7425e-01, 7.2098e-01, 8.3650e-01, 5.1422e-01, 5.7198e-01, 9.1146e-01,
        3.9978e-01, 4.4831e-01, 9.1931e-01, 3.1889e-01, 8.8444e-01, 8.6339e-01,
        6.4421e-01, 7.9077e-01, 3.3672e-01, 2.3377e-01, 8.7273e-01, 8.3983e-02,
        4.6838e-01, 8.0496e-01])
tensor([0.2837, 0.1401, 0.6484, 0.3702, 0.7441, 0.7400, 0.6253, 0.1657, 0.7852,
        0.1674, 0.8774, 0.4769, 0.3895, 0.0127, 0.9104, 0.8994, 0.1668, 0.0497,
        0.8745, 0.7264, 0.5180, 0.8621, 0.7669, 0.2938, 0.4180, 0.6473, 0.2649,
        0.1209, 0.9433, 0.9971, 0.4787, 0.9878, 0.2854, 0.1704, 0.9277, 0.8187,
        0.6578, 0.8749, 0.8929, 0.8350, 0.7509, 0.5444, 0.9376, 0.8521, 0.8472,
        0.2928, 0.8853, 0.0954, 0.4126, 0.8032, 0.2189, 0.8157, 0.9026, 0.8500,
        0.7694, 0.9032, 0.3227, 0.2670, 0.4385, 0.3176, 0.4327, 0.8018, 0.7305,
        0.6339, 0.9735, 0.7183, 0.0267, 0.0455, 0.6392, 0.2668, 0.4165, 0.3937,
        0.4053, 0.8530, 0.3178, 0.5796, 0.7232, 0.8187, 0.6828, 0.7259, 0.4120,
        0.6764, 0.7222, 0.0233, 0.1573, 0.7019, 0.0479, 0.0994, 0.3960, 0.4539,
        0.6977, 0.5768, 0.1505, 0.3224, 0.7637, 0.9131, 0.1626, 0.9431, 0.3160,
        0.7676, 0.5703, 0.4420, 0.8480, 0.1042, 0.6413, 0.7260, 0.7895, 0.0948,
        0.8724, 0.2920, 0.8313, 0.0478, 0.2902, 0.6868, 0.2798, 0.3826, 0.7000,
        0.1499, 0.7842, 0.4782, 0.4570, 0.5093, 0.6377, 0.3322, 0.1989, 0.9693,
        0.2242, 0.9459])
tensor([0.7321, 0.6921, 0.0197, 0.0138, 0.0100, 0.6136, 0.9684, 0.3927, 0.5270,
        0.0157, 0.9017, 0.0748, 0.3916, 0.4276, 0.0751, 0.9119, 0.7437, 0.8118,
        0.9387, 0.4780, 0.0732, 0.7821, 0.5418, 0.4977, 0.0716, 0.6834, 0.8963,
        0.0660, 0.3537, 0.0597, 0.1639, 0.9709, 0.7890, 0.8462, 0.8601, 0.9510,
        0.3486, 0.7454, 0.4871, 0.7160, 0.6592, 0.6922, 0.2429, 0.7292, 0.7845,
        0.3224, 0.8954, 0.8442, 0.6116, 0.3333, 0.2301, 0.8483, 0.6087, 0.9526,
        0.8833, 0.1241, 0.5379, 0.3310, 0.5543, 0.0876, 0.4954, 0.3602, 0.2762,
        0.3495, 0.7194, 0.5544, 0.3118, 0.5007, 0.4377, 0.9701, 0.2510, 0.8884,
        0.1270, 0.7912, 0.8360, 0.6685, 0.0520, 0.9244, 0.1300, 0.7714, 0.2477,
        0.0992, 0.8194, 0.1327, 0.4464, 0.0806, 0.7795, 0.4756, 0.6240, 0.8670,
        0.6344, 0.5124, 0.8236, 0.2312, 0.6157, 0.8486, 0.2816, 0.0182, 0.9177,
        0.6673, 0.7318, 0.2907, 0.8307, 0.3644, 0.2692, 0.4318, 0.3455, 0.6499,
        0.4188, 0.0798, 0.9957, 0.2886, 0.1760, 0.6922, 0.2399, 0.9034, 0.4165,
        0.5155, 0.8787, 0.2106, 0.8617, 0.9957, 0.8210, 0.3424, 0.7329, 0.5013,
        0.9137, 0.7307])
tensor([0.3635, 0.9561, 0.2716, 0.5549, 0.9534, 0.1534, 0.2642, 0.6883, 0.2959,
        0.3539, 0.6578, 0.5638, 0.6191, 0.6693, 0.9181, 0.4308, 0.8254, 0.8542,
        0.4414, 0.5535, 0.0565, 0.4718, 0.0914, 0.9521, 0.3839, 0.4137, 0.3237,
        0.4897, 0.3607, 0.2181, 0.2973, 0.3789, 0.4110, 0.6147, 0.2069, 0.4427,
        0.3291, 0.2245, 0.8228, 0.8935, 0.6460, 0.4201, 0.5783, 0.7938, 0.7757,
        0.9141, 0.0223, 0.2511, 0.7999, 0.7046, 0.3869, 0.5714, 0.2067, 0.7700,
        0.9813, 0.6284, 0.9521, 0.9964, 0.2999, 0.2372, 0.4393, 0.4654, 0.1253,
        0.9897, 0.8304, 0.4055, 0.1695, 0.5016, 0.8726, 0.7015, 0.7422, 0.1306,
        0.8727, 0.8307, 0.0387, 0.4560, 0.3869, 0.8376, 0.3450, 0.5999, 0.6416,
        0.1718, 0.4415, 0.0617, 0.5947, 0.4883, 0.9471, 0.8911, 0.3125, 0.0391,
        0.8467, 0.8464, 0.5090, 0.1118, 0.6536, 0.3080, 0.4493, 0.5701, 0.5745,
        0.3482, 0.5472, 0.8099, 0.7277, 0.9136, 0.1560, 0.3673, 0.9100, 0.8284,
        0.7650, 0.5501, 0.0951, 0.7861, 0.6774, 0.1160, 0.2121, 0.0874, 0.5794,
        0.4919, 0.5588, 0.7971, 0.6251, 0.3247, 0.0190, 0.2294, 0.7116, 0.8811,
        0.6246, 0.8689])
tensor([0.0587, 0.2799, 0.8082, 0.7370, 0.8015, 0.9476, 0.7897, 0.5662, 0.0902,
        0.7170, 0.0524, 0.3840, 0.4352, 0.9558, 0.0048, 0.6565, 0.9579, 0.6683,
        0.7217, 0.4148, 0.2230, 0.9013, 0.7680, 0.8731, 0.4166, 0.9932, 0.1071,
        0.2640, 0.9452, 0.7043, 0.8817, 0.1950, 0.3012, 0.9960, 0.7646, 0.2146,
        0.7611, 0.0397, 0.3699, 0.6475, 0.8009, 0.2408, 0.0106, 0.0719, 0.5167,
        0.4377, 0.7396, 0.5186, 0.5690, 0.4808, 0.0340, 0.9514, 0.1165, 0.9503,
        0.9518, 0.8949, 0.1580, 0.4836, 0.3193, 0.3225, 0.6076, 0.2945, 0.1867,
        0.9941, 0.0736, 0.7061, 0.0393, 0.2007, 0.3778, 0.3953, 0.2646, 0.5292,
        0.7487, 0.6147, 0.6391, 0.1698, 0.3158, 0.7481, 0.6061, 0.0374, 0.3180,
        0.2579, 0.2197, 0.0732, 0.5325, 0.6839, 0.2546, 0.8678, 0.5094, 0.3532,
        0.0880, 0.3653, 0.3829, 0.0824, 0.4645, 0.5525, 0.6807, 0.8378, 0.4958,
        0.3829, 0.9750, 0.0350, 0.9444, 0.8060, 0.1266, 0.4701, 0.1678, 0.2198,
        0.7151, 0.9928, 0.1031, 0.0075, 0.7913, 0.5658, 0.0451, 0.2906, 0.1725,
        0.8997, 0.2427, 0.4917, 0.7000, 0.2941, 0.1855, 0.4839, 0.6721, 0.1624,
        0.5744, 0.5846])
tensor([0.6550, 0.2596, 0.3501, 0.7006, 0.0637, 0.3718, 0.5399, 0.2278, 0.6565,
        0.9722, 0.0025, 0.3746, 0.8332, 0.6839, 0.5700, 0.7926, 0.5703, 0.2110,
        0.7123, 0.2288, 0.0240, 0.9916, 0.7182, 0.7783, 0.0152, 0.0430, 0.0039,
        0.2756, 0.5378, 0.7511, 0.1006, 0.9860, 0.1650, 0.3798, 0.4825, 0.9084,
        0.4911, 0.8194, 0.5926, 0.0955, 0.2695, 0.1106, 0.4702, 0.9881, 0.4016,
        0.8928, 0.5468, 0.0981, 0.5072, 0.8329, 0.0048, 0.6386, 0.5707, 0.8709,
        0.2875, 0.6010, 0.8334, 0.9236, 0.7873, 0.4231, 0.9104, 0.5007, 0.7666,
        0.8699, 0.3023, 0.2998, 0.4041, 0.2662, 0.1425, 0.5105, 0.9499, 0.8533,
        0.2325, 0.6369, 0.6492, 0.1816, 0.8513, 0.5012, 0.5262, 0.1965, 0.5352,
        0.2840, 0.8705, 0.6246, 0.4285, 0.6434, 0.2140, 0.1583, 0.8252, 0.3800,
        0.7918, 0.3793, 0.5248, 0.7778, 0.2420, 0.0639, 0.3544, 0.0892, 0.5769,
        0.5594, 0.3400, 0.2908, 0.3229, 0.4788, 0.0071, 0.2581, 0.4305, 0.2599,
        0.4397, 0.7458, 0.6330, 0.2258, 0.6105, 0.5108, 0.7242, 0.7675, 0.7346,
        0.8422, 0.5070, 0.1889, 0.6058, 0.0246, 0.9520, 0.4551, 0.6887, 0.5940,
        0.0545, 0.1534])
tensor([0.5425, 0.6081, 0.5837, 0.7038, 0.2335, 0.9887, 0.3425, 0.0183, 0.3900,
        0.6956, 0.4246, 0.5657, 0.9131, 0.1709, 0.2262, 0.2977, 0.2453, 0.5317,
        0.7947, 0.6721, 0.9468, 0.6446, 0.7071, 0.5223, 0.5863, 0.1926, 0.4952,
        0.1454, 0.8967, 0.4258, 0.8794, 0.0617, 0.9821, 0.9432, 0.0993, 0.2304,
        0.9168, 0.9065, 0.5262, 0.4207, 0.1194, 0.5582, 0.4592, 0.7338, 0.5447,
        0.9715, 0.3299, 0.5082, 0.8278, 0.6562, 0.1007, 0.2138, 0.0112, 0.2848,
        0.0676, 0.1070, 0.0274, 0.8539, 0.5315, 0.8694, 0.4335, 0.8473, 0.4991,
        0.7751, 0.7698, 0.4574, 0.9314, 0.6088, 0.1579, 0.3709, 0.4699, 0.8436,
        0.5806, 0.5094, 0.6258, 0.9715, 0.9356, 0.5867, 0.2387, 0.1911, 0.9872,
        0.5198, 0.3908, 0.1216, 0.1494, 0.0371, 0.0550, 0.1675, 0.5652, 0.3825,
        0.5631, 0.3667, 0.1524, 0.7011, 0.1943, 0.2866, 0.0217, 0.8969, 0.0616,
        0.8912, 0.7613, 0.6302, 0.9986, 0.7039, 0.3481, 0.4984, 0.1933, 0.8306,
        0.4566, 0.4823, 0.0924, 0.3307, 0.5340, 0.6934, 0.3330, 0.5760, 0.0113,
        0.1590, 0.1118, 0.9083, 0.3871, 0.5430, 0.9978, 0.0597, 0.0524, 0.8390,
        0.0108, 0.9598])
tensor([0.4763, 0.8782, 0.6772, 0.5555, 0.1784, 0.5279, 0.7467, 0.1534, 0.5227,
        0.5149, 0.0478, 0.8159, 0.2371, 0.3416, 0.9238, 0.8609, 0.3476, 0.1735,
        0.8420, 0.1311, 0.8399, 0.3995, 0.9900, 0.7680, 0.7018, 0.3041, 0.0409,
        0.6492, 0.6922, 0.2017, 0.0886, 0.9093, 0.8197, 0.6660, 0.0237, 0.1405,
        0.0737, 0.2892, 0.8824, 0.6103, 0.5902, 0.2890, 0.4933, 0.0889, 0.1036,
        0.7288, 0.4570, 0.4896, 0.5401, 0.7113, 0.6173, 0.0646, 0.1521, 0.4953,
        0.0399, 0.3899, 0.7440, 0.5230, 0.3743, 0.6979, 0.5079, 0.6277, 0.6126,
        0.3927, 0.3829, 0.7021, 0.0620, 0.0573, 0.5170, 0.6033, 0.1917, 0.5267,
        0.0930, 0.2197, 0.8221, 0.4574, 0.4857, 0.6810, 0.5355, 0.5249, 0.5866,
        0.6298, 0.2540, 0.5518, 0.3361, 0.9958, 0.0473, 0.7439, 0.7709, 0.9125,
        0.9168, 0.7676, 0.9092, 0.8292, 0.8197, 0.5656, 0.9133, 0.8275, 0.5704,
        0.5150, 0.1503, 0.9882, 0.6585, 0.6479, 0.7738, 0.7433, 0.7318, 0.9368,
        0.3546, 0.7630, 0.8676, 0.1604, 0.9462, 0.2290, 0.1851, 0.1672, 0.5144,
        0.4883, 0.1245, 0.4534, 0.2535, 0.6533, 0.8314, 0.6357, 0.2166, 0.8071,
        0.5917, 0.0586])
tensor([0.8322, 0.2635, 0.0523, 0.5685, 0.5974, 0.5332, 0.6714, 0.4351, 0.0140,
        0.4913, 0.9583, 0.2208, 0.7312, 0.9818, 0.1072, 0.7919, 0.1491, 0.7797,
        0.3093, 0.4838, 0.3606, 0.9140, 0.9869, 0.7511, 0.1062, 0.7122, 0.2279,
        0.0036, 0.0628, 0.0137, 0.3788, 0.3537, 0.3732, 0.2988, 0.0210, 0.0376,
        0.3859, 0.7917, 0.0741, 0.7635, 0.7995, 0.9228, 0.0490, 0.4647, 0.3142,
        0.5432, 0.4433, 0.5697, 0.4682, 0.5366, 0.3055, 0.6716, 0.7955, 0.9221,
        0.3983, 0.5883, 0.0910, 0.4140, 0.3810, 0.9692, 0.7374, 0.9548, 0.9475,
        0.6529, 0.1647, 0.1877, 0.7454, 0.8495, 0.3241, 0.2395, 0.3847, 0.9347,
        0.3653, 0.5316, 0.8802, 0.2211, 0.0916, 0.1786, 0.8380, 0.9143, 0.5162,
        0.6962, 0.3356, 0.5050, 0.6061, 0.9890, 0.0357, 0.9273, 0.4584, 0.6647,
        0.5666, 0.4367, 0.8223, 0.5939, 0.2740, 0.8892, 0.8599, 0.7996, 0.5019,
        0.5256, 0.2096, 0.8476, 0.6209, 0.2759, 0.7893, 0.5209, 0.2606, 0.2184,
        0.4638, 0.8168, 0.4958, 0.6456, 0.2871, 0.5078, 0.6626, 0.4394, 0.9567,
        0.3860, 0.2066, 0.9619, 0.9616, 0.7252, 0.7917, 0.3799, 0.1735, 0.2376,
        0.0841, 0.2896])
tensor([3.7334e-01, 8.9923e-01, 8.3255e-02, 4.3275e-01, 4.6834e-01, 3.6942e-01,
        2.3508e-01, 6.2743e-01, 8.2758e-01, 2.8505e-01, 1.9911e-01, 6.5112e-01,
        9.0718e-01, 9.2188e-02, 5.2664e-01, 6.5699e-01, 6.2417e-01, 9.2368e-01,
        1.5052e-01, 7.0498e-01, 3.2478e-02, 6.7367e-01, 8.3187e-01, 7.2305e-01,
        4.3587e-01, 4.2551e-01, 1.4826e-01, 2.2721e-01, 5.5561e-01, 5.9267e-01,
        8.0638e-01, 8.3566e-01, 5.1948e-02, 6.0824e-02, 3.9003e-01, 8.0943e-04,
        6.2071e-01, 5.4319e-02, 7.2260e-01, 5.4103e-01, 3.1990e-01, 1.1151e-01,
        7.2378e-01, 7.2630e-01, 5.1728e-01, 9.0144e-01, 2.6506e-01, 6.9557e-01,
        1.2151e-01, 7.1015e-01, 7.6984e-01, 4.4026e-01, 6.1718e-01, 5.7595e-02,
        8.5907e-01, 2.1485e-02, 3.7947e-01, 6.4614e-01, 5.0750e-01, 5.4623e-01,
        4.6775e-02, 7.2054e-03, 3.4026e-01, 4.1910e-02, 5.8170e-01, 4.7858e-01,
        7.9879e-01, 7.6003e-01, 8.6831e-01, 5.4661e-01, 4.9230e-01, 3.4079e-01,
        8.4125e-02, 7.6151e-01, 2.2651e-01, 9.7301e-01, 3.2070e-01, 6.6115e-01,
        6.6808e-01, 4.1722e-01, 7.6435e-01, 5.3306e-01, 2.0000e-01, 6.8401e-01,
        6.7197e-01, 8.8237e-01, 7.3604e-01, 8.0851e-01, 3.4109e-01, 5.5464e-01,
        3.9343e-01, 9.0781e-01, 7.9537e-01, 1.7401e-01, 2.5469e-02, 8.3145e-02,
        5.9913e-01, 7.3863e-01, 3.5756e-02, 6.9877e-01, 7.0127e-01, 6.6637e-01,
        4.3888e-01, 8.4143e-01, 9.1947e-01, 1.8668e-01, 2.6315e-01, 7.2160e-01,
        6.0189e-01, 3.2022e-01, 1.7003e-01, 5.5650e-01, 7.8682e-01, 8.2562e-01,
        6.7947e-01, 6.4007e-01, 2.7403e-01, 7.9153e-02, 1.6414e-01, 8.1903e-01,
        3.3730e-01, 7.8664e-01, 3.5152e-01, 6.3916e-01, 7.9363e-02, 2.0105e-01,
        1.2090e-01, 8.6130e-01])
